0.059818 0.573129
0.061697 0.535860
0.061697 0.537426
0.061697 0.538678
0.061697 0.581272
0.062637 0.529596
0.062637 0.554651
0.062950 0.525211
0.063577 0.523645
0.063577 0.587848
0.063890 0.567805
0.064516 0.570623
0.064829 0.512997
0.065769 0.491701
0.065769 0.509865
0.067648 0.598810
0.067961 0.487629
0.068274 0.487003
0.068588 0.500783
0.071093 0.606013
0.071406 0.606640
0.071719 0.478860
0.072033 0.492327
0.072346 0.491701
0.074851 0.485437
0.076104 0.603508
0.077983 0.467272
0.077983 0.619480
0.078296 0.608205
0.078923 0.466019
0.080175 0.463827
0.080489 0.612590
0.080489 0.622925
0.082994 0.622299
0.083307 0.622299
0.083620 0.458816
0.083934 0.617601
0.084247 0.617601
0.084560 0.623865
0.084873 0.457563
0.084873 0.618541
0.085186 0.464453
0.086126 0.621672
0.086126 0.626683
0.086439 0.455058
0.088005 0.452866
0.088005 0.624491
0.090197 0.450360
0.090197 0.457563
0.090510 0.636392
0.091137 0.456624
0.092076 0.448168
0.092390 0.630442
0.092703 0.447541
0.093956 0.640464
0.094582 0.640777
0.096148 0.638898
0.098653 0.637018
0.098966 0.440338
0.099280 0.446289
0.099280 0.637645
0.099593 0.446289
0.099906 0.642343
0.099906 0.646727
0.100532 0.647040
0.100532 0.647354
0.101785 0.444410
0.102098 0.642343
0.103038 0.442531
0.103038 0.649546
0.103977 0.646414
0.105230 0.651738
0.105857 0.433761
0.106170 0.652678
0.110241 0.655496
0.111807 0.433761
0.113373 0.427811
0.115252 0.426558
0.116818 0.656749
0.119010 0.658315
0.119637 0.427811
0.120576 0.421860
0.120889 0.426871
0.121203 0.663639
0.121829 0.660194
0.123082 0.425619
0.123395 0.664579
0.124334 0.424679
0.126840 0.418102
0.128093 0.416849
0.129345 0.416223
0.129345 0.664892
0.130598 0.669277
0.130911 0.665832
0.134356 0.667711
0.135296 0.412465
0.135922 0.412465
0.135922 0.417476
0.137175 0.416536
0.143126 0.672095
0.145944 0.672722
0.148137 0.406827
0.148763 0.677419
0.149076 0.674288
0.152208 0.675540
0.153148 0.678672
0.155027 0.408393
0.162856 0.401190
0.170373 0.682744
0.175070 0.683683
0.175697 0.680864
0.176323 0.681178
0.177263 0.684309
0.181961 0.684623
0.185092 0.396179
0.186345 0.684623
0.188224 0.395240
0.192609 0.395866
0.193548 0.396179
0.193862 0.396179
0.196680 0.398998
0.197933 0.685249
0.200125 0.398998
0.204510 0.682117
0.206389 0.398371
0.209521 0.680551
0.210774 0.680551
0.212026 0.398998
0.214219 0.398998
0.216098 0.679612
0.217664 0.679612
0.221422 0.398998
0.222988 0.396179
0.227686 0.399937
0.230504 0.400564
0.231757 0.400877
0.232070 0.398058
0.235202 0.675540
0.239587 0.402130
0.242405 0.403069
0.243971 0.400251
0.244284 0.400251
0.244284 0.672722
0.244911 0.677733
0.245537 0.677419
0.250235 0.405262
0.250861 0.400877
0.252427 0.401190
0.253054 0.403696
0.254306 0.404009
0.254933 0.404009
0.255246 0.402130
0.256185 0.672722
0.256812 0.407767
0.257751 0.666771
0.259317 0.665832
0.260570 0.409020
0.260883 0.664892
0.261510 0.406827
0.261823 0.409020
0.263389 0.409959
0.263702 0.663639
0.264641 0.668337
0.265581 0.668024
0.265894 0.410899
0.266834 0.411525
0.267773 0.661447
0.269026 0.412778
0.271845 0.663639
0.272784 0.414657
0.274663 0.415910
0.278108 0.417789
0.278422 0.660194
0.278735 0.418415
0.278735 0.654870
0.278735 0.659881
0.280614 0.653304
0.282806 0.651738
0.283746 0.650799
0.283746 0.651112
0.284059 0.422174
0.284372 0.656123
0.284685 0.419355
0.284998 0.646414
0.287191 0.608832
0.287191 0.647980
0.287191 0.656436
0.287191 0.678046
0.287504 0.633260
0.287504 0.656123
0.287817 0.653617
0.288130 0.629502
0.288130 0.641716
0.288130 0.656749
0.288130 0.660194
0.288443 0.660507
0.289070 0.646101
0.289070 0.662700
0.289383 0.652051
0.290009 0.599436
0.290009 0.619480
0.290009 0.669903
0.290009 0.670529
0.290323 0.651425
0.290636 0.427184
0.290636 0.672095
0.290949 0.616661
0.290949 0.645161
0.290949 0.673348
0.291262 0.424053
0.291262 0.595678
0.291575 0.424053
0.291889 0.427498
0.292202 0.648606
0.292515 0.648606
0.292515 0.695897
0.293141 0.591607
0.293454 0.642656
0.294081 0.423113
0.294081 0.605700
0.294394 0.604447
0.294707 0.687128
0.295020 0.603508
0.295647 0.424366
0.296273 0.583464
0.296586 0.424679
0.296586 0.703727
0.296899 0.582837
0.296899 0.591920
0.296899 0.694018
0.297213 0.705606
0.297839 0.638271
0.298779 0.637332
0.299718 0.429377
0.299718 0.699342
0.300031 0.427811
0.300031 0.636079
0.300658 0.635453
0.300658 0.701535
0.300971 0.435640
0.300971 0.635139
0.301910 0.581585
0.302537 0.431569
0.302850 0.639211
0.303476 0.432822
0.303790 0.717507
0.304103 0.430943
0.304103 0.637645
0.304416 0.438772
0.305042 0.630128
0.305669 0.434701
0.305982 0.566552
0.307548 0.434388
0.308487 0.564046
0.308487 0.724397
0.308487 0.725023
0.309740 0.568118
0.310366 0.727529
0.310680 0.442217
0.310680 0.442531
0.311306 0.446915
0.312246 0.559349
0.312872 0.568744
0.313498 0.618541
0.314125 0.617601
0.314438 0.562794
0.314751 0.625431
0.315691 0.624804
0.316004 0.554338
0.316317 0.624178
0.316630 0.564673
0.316630 0.727529
0.316630 0.735359
0.317256 0.450360
0.317570 0.622612
0.318196 0.558722
0.318509 0.447228
0.318509 0.456624
0.318509 0.619480
0.318822 0.457250
0.319136 0.562480
0.320388 0.452552
0.321328 0.606640
0.321328 0.606953
0.321328 0.740683
0.322581 0.742562
0.323207 0.552772
0.323520 0.556530
0.324147 0.744128
0.324773 0.544942
0.326339 0.746007
0.326652 0.457877
0.326652 0.549013
0.326965 0.549013
0.327278 0.542437
0.328531 0.604134
0.331663 0.544629
0.331976 0.467899
0.331976 0.751331
0.332289 0.583151
0.332916 0.752271
0.333542 0.487003
0.334168 0.542123
0.334482 0.541810
0.335421 0.573755
0.335734 0.477607
0.336361 0.570623
0.337300 0.499843
0.337614 0.756029
0.338240 0.501723
0.338553 0.750078
0.338866 0.750078
0.338866 0.757282
0.339806 0.488882
0.339806 0.531788
0.340119 0.512371
0.340119 0.554964
0.341059 0.522393
0.341059 0.548387
0.341059 0.548700
0.341372 0.544629
0.341372 0.544942
0.342938 0.566552
0.343251 0.534607
0.343877 0.504854
0.344190 0.559662
0.344817 0.536486
0.345130 0.508926
0.346070 0.517382
0.346383 0.756968
0.346383 0.762606
0.346696 0.544316
0.351394 0.760100
0.352020 0.523332
0.352960 0.761040
0.353586 0.767303
0.353899 0.761353
0.354526 0.522080
0.354839 0.761979
0.356091 0.520827
0.356718 0.769183
0.359536 0.518948
0.360163 0.523645
0.362042 0.766677
0.363608 0.522080
0.363921 0.517069
0.364234 0.521453
0.364234 0.767617
0.366113 0.516129
0.366113 0.521140
0.366427 0.769183
0.367992 0.515189
0.367992 0.774820
0.373943 0.514876
0.373943 0.777639
0.377701 0.778891
0.379894 0.776699
0.380207 0.514876
0.382399 0.511118
0.383965 0.512997
0.385218 0.512684
0.385531 0.512371
0.387723 0.512058
0.387723 0.779205
0.391795 0.508299
0.398058 0.507047
0.399624 0.781710
0.400564 0.785781
0.402443 0.786095
0.402756 0.786095
0.404009 0.786408
0.405888 0.505794
0.409959 0.505168
0.410272 0.508926
0.412152 0.508926
0.415283 0.784529
0.415910 0.784529
0.416223 0.784529
0.425305 0.783589
0.430003 0.785155
0.435640 0.504228
0.438146 0.784529
0.439712 0.784529
0.450673 0.783589
0.452552 0.782650
0.455684 0.510179
0.458816 0.510179
0.460695 0.507986
0.465706 0.512058
0.465706 0.779205
0.468838 0.510805
0.469464 0.510805
0.469778 0.510805
0.470717 0.513937
0.471657 0.776699
0.472596 0.514563
0.474475 0.515189
0.476981 0.774820
0.483245 0.516442
0.483558 0.518635
0.486376 0.775759
0.488256 0.770122
0.488569 0.769809
0.492327 0.517695
0.492327 0.772628
0.492640 0.518008
0.495772 0.524898
0.497025 0.519887
0.497025 0.525525
0.498904 0.764172
0.499843 0.527404
0.501096 0.762919
0.502349 0.766990
0.502975 0.523645
0.503915 0.766364
0.504854 0.760727
0.505481 0.525525
0.505481 0.640777
0.506420 0.647354
0.506420 0.759161
0.506733 0.627936
0.506733 0.656123
0.507047 0.532101
0.508613 0.533667
0.508613 0.667397
0.508613 0.763232
0.508926 0.606326
0.510805 0.626997
0.510805 0.629502
0.510805 0.635139
0.510805 0.642969
0.510805 0.653930
0.510805 0.654870
0.511118 0.761666
0.511744 0.535860
0.511744 0.657689
0.511744 0.661134
0.512684 0.612903
0.512684 0.613216
0.512684 0.617601
0.512997 0.536486
0.513310 0.754150
0.513624 0.669590
0.513624 0.670216
0.513937 0.690886
0.514876 0.677106
0.515816 0.594738
0.516755 0.598810
0.518008 0.540557
0.518948 0.702474
0.519261 0.534920
0.519261 0.586282
0.519261 0.690886
0.519574 0.585030
0.519574 0.590041
0.519574 0.703727
0.520200 0.542750
0.520200 0.574695
0.520514 0.574068
0.520827 0.705293
0.521453 0.585969
0.521453 0.706546
0.521453 0.706859
0.521766 0.697150
0.521766 0.707798
0.521766 0.708111
0.522393 0.537739
0.523332 0.545568
0.523645 0.568744
0.524272 0.539618
0.524585 0.703727
0.525211 0.565925
0.525838 0.571563
0.526151 0.715628
0.526464 0.742562
0.527091 0.708738
0.528343 0.740370
0.528656 0.566552
0.529283 0.720952
0.529596 0.721892
0.529909 0.738177
0.530536 0.723458
0.530849 0.553085
0.530849 0.715628
0.531162 0.744128
0.534607 0.729721
0.534920 0.729721
0.534920 0.739430
0.534920 0.739743
0.535233 0.730974
0.536173 0.731914
0.537112 0.548387
0.539618 0.729095
0.540244 0.544003
0.540244 0.544316
0.540557 0.543376
0.540871 0.557783
0.540871 0.730348
0.540871 0.737551
0.541497 0.558722
0.541810 0.567178
0.541810 0.731287
0.542437 0.559975
0.542437 0.732227
0.543063 0.725963
0.543063 0.732853
0.544003 0.548074
0.544003 0.570936
0.544942 0.563107
0.546821 0.565925
0.547134 0.536799
0.547134 0.544003
0.547134 0.744441
0.547761 0.535233
0.548074 0.577513
0.548387 0.569057
0.548387 0.721578
0.549013 0.720952
0.549327 0.570936
0.549953 0.709991
0.550266 0.581272
0.550579 0.540244
0.551832 0.584403
0.552145 0.584717
0.552145 0.585969
0.552145 0.705919
0.552772 0.713436
0.552772 0.714062
0.553711 0.578453
0.553711 0.702161
0.554651 0.532101
0.555277 0.581898
0.556530 0.695271
0.557783 0.748199
0.560288 0.527091
0.560601 0.609458
0.561541 0.526464
0.561541 0.751644
0.561854 0.676167
0.562167 0.598184
0.562794 0.620106
0.563420 0.621672
0.563733 0.669903
0.564046 0.603821
0.564046 0.628249
0.564673 0.606013
0.564673 0.659255
0.564673 0.663639
0.564673 0.686189
0.564673 0.688068
0.564986 0.607579
0.564986 0.657689
0.564986 0.754463
0.565299 0.608205
0.565612 0.609458
0.565612 0.610085
0.565612 0.651738
0.566865 0.524585
0.566865 0.524898
0.567178 0.756029
0.568431 0.623238
0.568744 0.523332
0.569684 0.661760
0.569684 0.663326
0.570623 0.643909
0.570936 0.522080
0.571876 0.521453
0.573442 0.519887
0.574068 0.519574
0.576574 0.761979
0.580958 0.765111
0.581585 0.765738
0.582524 0.766051
0.584403 0.514250
0.585969 0.767930
0.586596 0.510179
0.588162 0.509239
0.590041 0.508613
0.590354 0.510805
0.592233 0.771375
0.595052 0.506107
0.595991 0.772941
0.597557 0.507673
0.601315 0.506107
0.601942 0.505794
0.602568 0.505481
0.602881 0.775446
0.606953 0.502036
0.617914 0.498591
0.619480 0.498277
0.632634 0.496398
0.633573 0.782336
0.635766 0.496085
0.637645 0.782650
0.643595 0.494519
0.648606 0.783589
0.652365 0.494206
0.653930 0.494206
0.660507 0.494519
0.671469 0.782023
0.673661 0.496085
0.676793 0.780770
0.678672 0.780457
0.678985 0.497338
0.679925 0.785468
0.680551 0.779831
0.680551 0.780144
0.684936 0.778578
0.692139 0.781397
0.692765 0.507360
0.693392 0.780770
0.693705 0.780770
0.695271 0.780770
0.697150 0.508926
0.697150 0.779831
0.699029 0.774194
0.699029 0.778891
0.699969 0.773567
0.702787 0.505168
0.706232 0.512371
0.706232 0.512684
0.707172 0.770749
0.710617 0.491701
0.710617 0.492953
0.710930 0.494206
0.711557 0.483245
0.711557 0.486690
0.712496 0.478547
0.712496 0.510492
0.712496 0.522393
0.712809 0.473536
0.712809 0.523959
0.712809 0.525525
0.713749 0.528343
0.714688 0.464140
0.715628 0.502975
0.715628 0.507986
0.715628 0.509865
0.715628 0.537739
0.715941 0.509552
0.715941 0.512058
0.716254 0.539618
0.716567 0.481992
0.716567 0.482305
0.716567 0.483558
0.716567 0.486063
0.716567 0.539618
0.716567 0.540871
0.716881 0.542123
0.717507 0.455997
0.717820 0.518948
0.718447 0.527717
0.718447 0.766990
0.718760 0.469151
0.718760 0.547448
0.719073 0.468525
0.719699 0.514250
0.720326 0.535547
0.720639 0.455684
0.720639 0.536799
0.721265 0.454432
0.721265 0.762606
0.721578 0.450047
0.721578 0.453492
0.721578 0.458816
0.721892 0.555904
0.721892 0.762293
0.722205 0.448481
0.722518 0.556530
0.723458 0.453805
0.723458 0.522706
0.723458 0.545882
0.723771 0.444410
0.723771 0.445976
0.724084 0.440965
0.725650 0.562794
0.725963 0.436893
0.725963 0.551519
0.725963 0.564360
0.726276 0.442217
0.726276 0.442531
0.727216 0.445976
0.727529 0.439399
0.728469 0.434701
0.729408 0.435640
0.729721 0.526777
0.730974 0.433448
0.731914 0.522080
0.731914 0.754463
0.733166 0.426871
0.733166 0.434075
0.733166 0.566552
0.733793 0.577826
0.734106 0.568431
0.734419 0.424053
0.734419 0.530536
0.734419 0.578766
0.736298 0.581585
0.736925 0.423426
0.736925 0.428750
0.737238 0.572189
0.737551 0.427184
0.737551 0.525838
0.737551 0.582524
0.738490 0.575008
0.738804 0.575321
0.739743 0.534294
0.740370 0.423113
0.740996 0.535547
0.741309 0.746320
0.741935 0.536486
0.742875 0.580958
0.743188 0.419668
0.743188 0.580958
0.744754 0.410586
0.745067 0.410272
0.746007 0.411838
0.746007 0.593486
0.747573 0.587848
0.748826 0.589414
0.749139 0.412778
0.749765 0.405888
0.751331 0.405888
0.751644 0.731600
0.751957 0.548387
0.752584 0.549013
0.752897 0.408707
0.753210 0.542437
0.753837 0.595365
0.754463 0.543376
0.755402 0.405888
0.755716 0.552772
0.755716 0.597244
0.756655 0.398998
0.757282 0.605700
0.757908 0.723458
0.758221 0.606953
0.759474 0.402130
0.759474 0.720639
0.760727 0.609145
0.761040 0.560288
0.761040 0.718447
0.761353 0.561541
0.761353 0.602881
0.761979 0.396179
0.761979 0.554651
0.762919 0.399311
0.762919 0.611337
0.763232 0.723771
0.763858 0.712809
0.763858 0.713436
0.764485 0.558096
0.764798 0.393360
0.764798 0.711557
0.765424 0.721578
0.766051 0.396806
0.766051 0.568744
0.766051 0.709051
0.766364 0.719386
0.766990 0.608519
0.767303 0.706232
0.767930 0.563733
0.767930 0.572502
0.769809 0.700282
0.770749 0.569057
0.771375 0.569997
0.772001 0.570936
0.772628 0.694331
0.772941 0.387723
0.772941 0.613216
0.773254 0.619793
0.773880 0.587222
0.776699 0.389289
0.777325 0.384904
0.777325 0.596618
0.777639 0.599123
0.777952 0.388663
0.777952 0.622612
0.777952 0.692765
0.778265 0.617601
0.778578 0.382399
0.778578 0.384278
0.778891 0.388036
0.778891 0.601315
0.779518 0.381773
0.779831 0.618227
0.779831 0.622299
0.779831 0.687441
0.779831 0.689634
0.780144 0.686815
0.780457 0.685875
0.781084 0.380520
0.781397 0.626370
0.782023 0.385844
0.782023 0.596304
0.782336 0.680551
0.782650 0.618227
0.782650 0.618541
0.783276 0.676167
0.783589 0.381459
0.783902 0.601942
0.783902 0.674601
0.784215 0.630442
0.784842 0.606326
0.784842 0.616975
0.786095 0.663639
0.786721 0.634200
0.787034 0.642343
0.787034 0.644848
0.787347 0.650172
0.787974 0.377388
0.789540 0.626057
0.789853 0.626057
0.793924 0.374883
0.794237 0.628876
0.794864 0.374569
0.795803 0.373630
0.795803 0.378641
0.796430 0.635139
0.797682 0.635766
0.798309 0.630755
0.799248 0.374569
0.799562 0.374256
0.799875 0.631381
0.800188 0.373943
0.800188 0.374256
0.802067 0.632634
0.803633 0.633573
0.803633 0.638584
0.807704 0.371438
0.827748 0.366740
0.829314 0.642029
0.832759 0.642656
0.834638 0.368932
0.846539 0.368619
0.848105 0.368619
0.849358 0.368932
0.853743 0.368619
0.853743 0.646101
0.861885 0.646101
0.867836 0.369872
0.868462 0.369558
0.878171 0.371438
0.883182 0.644535
0.885061 0.648920
0.885687 0.368306
0.887253 0.373630
0.889132 0.368932
0.890072 0.369558
0.890385 0.644222
0.892891 0.376135
0.893517 0.647040
0.895083 0.370811
0.896649 0.646414
0.897275 0.642969
0.898841 0.642343
0.899781 0.378954
0.900094 0.645474
0.900407 0.379267
0.900407 0.645474
0.901034 0.642029
0.902599 0.378641
0.903226 0.644535
0.903852 0.378641
0.910742 0.377388
0.911369 0.377701
0.911682 0.383339
0.911682 0.641716
0.912935 0.383339
0.913248 0.378641
0.913248 0.383965
0.918572 0.381146
0.919511 0.386470
0.920451 0.382086
0.927341 0.386157
0.928281 0.386470
0.930473 0.393987
0.933918 0.389915
0.934231 0.627310
0.935171 0.626683
0.935484 0.630755
0.937363 0.625744
0.937989 0.392734
0.939242 0.399937
0.940808 0.394613
0.941748 0.621986
0.942687 0.626057
0.943313 0.396492
0.944566 0.619793
0.945506 0.619480
0.945819 0.405575
0.948011 0.617601
0.948011 0.621986
0.950517 0.619793
0.952083 0.411212
0.953335 0.405888
0.954275 0.413718
0.955528 0.407767
0.955528 0.615722
0.956467 0.409020
0.956467 0.415910
0.956780 0.614469
0.958660 0.418102
0.959599 0.419042
0.959912 0.611650
0.961165 0.414031
0.962731 0.415283
0.962731 0.608519
0.963357 0.416223
0.966489 0.596618
0.966802 0.420294
0.968368 0.601942
0.968368 0.602255
0.969621 0.600376
0.970247 0.595052
0.970561 0.424992
0.974006 0.430003
0.974006 0.595365
0.974632 0.430943
0.976511 0.580645
0.977764 0.583777
0.978077 0.583151
0.978390 0.580332
0.978703 0.579706
0.978703 0.582211
0.979643 0.438772
0.979643 0.587222
0.979956 0.449421
0.980269 0.574695
0.980269 0.579392
0.982462 0.569997
0.983401 0.445976
0.983401 0.574381
0.983401 0.580332
0.983714 0.458190
0.984654 0.460695
0.985280 0.449734
0.985280 0.450047
0.985593 0.461948
0.985593 0.569370
0.985593 0.575947
0.986220 0.560915
0.986533 0.465706
0.986533 0.466646
0.986846 0.559035
0.987159 0.467585
0.987473 0.455684
0.988099 0.469778
0.988412 0.554338
0.988412 0.554964
0.988725 0.473223
0.989352 0.550579
0.991231 0.540871
0.992484 0.489508
0.993423 0.544003
0.993736 0.497025
0.994049 0.498591
0.994049 0.501409
0.994049 0.503288
0.994049 0.510805
0.994049 0.516129
0.994049 0.525838
0.994049 0.538992
0.994049 0.544003
0.994049 0.554024
0.994363 0.473536
0.994363 0.519887
0.994989 0.538365
0.995302 0.554338
0.995929 0.553085
0.996868 0.543689
0.996868 0.549640
0.998121 0.489508
0.998121 0.537426
0.999687 0.528030
1.000000 0.501409
1.000000 0.507360
1.000000 0.513310
1.000000 0.520514
1.000000 0.521140
