14.000000 10.000000
15.278771 9.917900
16.536547 9.672949
17.752670 9.269168
18.907175 8.713187
19.981106 8.014136
20.956825 7.183494
21.818316 6.234898
22.551428 5.183926
23.144127 4.047833
23.586679 2.845276
23.871819 1.595999
23.994862 0.320516
23.953791 -0.960230
23.749279 -2.225209
23.384684 -3.453650
22.865993 -4.625383
22.201723 -5.721167
21.402781 -6.723009
20.482285 -7.614460
19.455349 -8.380881
18.338837 -9.009688
17.151083 -9.490558
15.911587 -9.815592
14.640702 -9.979454
13.359298 -9.979454
12.088413 -9.815592
10.848918 -9.490558
9.661162 -9.009688
8.544651 -8.380881
7.517716 -7.614460
6.597220 -6.723009
5.798277 -5.721167
5.134007 -4.625383
4.615316 -3.453650
4.250721 -2.225209
4.046209 -0.960230
4.005138 0.320516
4.128182 1.595999
4.413321 2.845276
4.855874 4.047833
5.448572 5.183926
6.181685 6.234898
7.043174 7.183494
8.018895 8.014136
9.092825 8.713187
10.247330 9.269168
11.463454 9.672949
12.721229 9.917900
14.000000 10.000000
0.000000 10.000000
1.278772 9.917900
2.536546 9.672949
3.752670 9.269168
4.907176 8.713187
5.981105 8.014136
6.956826 7.183494
7.818315 6.234898
8.551428 5.183926
9.144126 4.047833
9.586679 2.845276
9.871818 1.595999
9.994863 0.320516
9.953791 -0.960230
9.749279 -2.225209
9.384685 -3.453650
8.865993 -4.625383
8.201722 -5.721167
7.402780 -6.723009
6.482284 -7.614460
5.455349 -8.380881
4.338838 -9.009688
3.151082 -9.490558
1.911586 -9.815592
0.640702 -9.979454
-0.640702 -9.979454
-1.911586 -9.815592
-3.151082 -9.490558
-4.338838 -9.009688
-5.455349 -8.380881
-6.482284 -7.614460
-7.402780 -6.723009
-8.201722 -5.721167
-8.865993 -4.625383
-9.384685 -3.453650
-9.749279 -2.225209
-9.953791 -0.960230
-9.994863 0.320516
-9.871818 1.595999
-9.586679 2.845276
-9.144126 4.047833
-8.551428 5.183926
-7.818315 6.234898
-6.956826 7.183494
-5.981105 8.014136
-4.907176 8.713187
-3.752670 9.269168
-2.536546 9.672949
-1.278772 9.917900
-0.000000 10.000000
