25.000000 10.000000
26.278772 9.917900
27.536547 9.672949
28.752670 9.269168
29.907175 8.713187
30.981106 8.014136
31.956825 7.183494
32.818314 6.234898
33.551426 5.183926
34.144127 4.047833
34.586678 2.845276
34.871819 1.595999
34.994862 0.320516
34.953793 -0.960230
34.749279 -2.225209
34.384686 -3.453650
33.865993 -4.625383
33.201721 -5.721167
32.402779 -6.723009
31.482285 -7.614460
30.455349 -8.380881
29.338837 -9.009688
28.151083 -9.490558
26.911587 -9.815592
25.640701 -9.979454
24.359299 -9.979454
23.088413 -9.815592
21.848917 -9.490558
20.661163 -9.009688
19.544651 -8.380881
18.517715 -7.614460
17.597219 -6.723009
16.798277 -5.721167
16.134007 -4.625383
15.615315 -3.453650
15.250721 -2.225209
15.046209 -0.960230
15.005137 0.320516
15.128182 1.595999
15.413321 2.845276
15.855874 4.047833
16.448572 5.183926
17.181684 6.234898
18.043175 7.183494
19.018894 8.014136
20.092825 8.713187
21.247330 9.269168
22.463453 9.672949
23.721228 9.917900
25.000000 10.000000
0.000000 10.000000
1.278772 9.917900
2.536546 9.672949
3.752670 9.269168
4.907176 8.713187
5.981105 8.014136
6.956826 7.183494
7.818315 6.234898
8.551428 5.183926
9.144126 4.047833
9.586679 2.845276
9.871818 1.595999
9.994863 0.320516
9.953791 -0.960230
9.749279 -2.225209
9.384685 -3.453650
8.865993 -4.625383
8.201722 -5.721167
7.402780 -6.723009
6.482284 -7.614460
5.455349 -8.380881
4.338838 -9.009688
3.151082 -9.490558
1.911586 -9.815592
0.640702 -9.979454
-0.640702 -9.979454
-1.911586 -9.815592
-3.151082 -9.490558
-4.338838 -9.009688
-5.455349 -8.380881
-6.482284 -7.614460
-7.402780 -6.723009
-8.201722 -5.721167
-8.865993 -4.625383
-9.384685 -3.453650
-9.749279 -2.225209
-9.953791 -0.960230
-9.994863 0.320516
-9.871818 1.595999
-9.586679 2.845276
-9.144126 4.047833
-8.551428 5.183926
-7.818315 6.234898
-6.956826 7.183494
-5.981105 8.014136
-4.907176 8.713187
-3.752670 9.269168
-2.536546 9.672949
-1.278772 9.917900
-0.000000 10.000000
50.000000 10.000000
51.278770 9.917900
52.536545 9.672949
53.752670 9.269168
54.907177 8.713187
55.981106 8.014136
56.956825 7.183494
57.818314 6.234898
58.551426 5.183926
59.144127 4.047833
59.586678 2.845276
59.871819 1.595999
59.994862 0.320516
59.953793 -0.960230
59.749279 -2.225209
59.384686 -3.453650
58.865993 -4.625383
58.201721 -5.721167
57.402779 -6.723009
56.482285 -7.614460
55.455349 -8.380881
54.338837 -9.009688
53.151081 -9.490558
51.911587 -9.815592
50.640701 -9.979454
49.359299 -9.979454
48.088413 -9.815592
46.848919 -9.490558
45.661163 -9.009688
44.544651 -8.380881
43.517715 -7.614460
42.597221 -6.723009
41.798279 -5.721167
41.134007 -4.625383
40.615314 -3.453650
40.250721 -2.225209
40.046207 -0.960230
40.005138 0.320516
40.128181 1.595999
40.413322 2.845276
40.855873 4.047833
41.448574 5.183926
42.181686 6.234898
43.043175 7.183494
44.018894 8.014136
45.092823 8.713187
46.247330 9.269168
47.463455 9.672949
48.721230 9.917900
50.000000 10.000000
12.500000 0.000000
13.778771 -0.082100
15.036546 -0.327051
16.252670 -0.730832
17.407175 -1.286813
18.481106 -1.985864
19.456825 -2.816506
20.318316 -3.765102
21.051428 -4.816074
21.644127 -5.952167
22.086679 -7.154724
22.371819 -8.404001
22.494862 -9.679484
22.453791 -10.960230
22.249279 -12.225209
21.884684 -13.453650
21.365993 -14.625383
20.701723 -15.721167
19.902781 -16.723009
18.982285 -17.614460
17.955349 -18.380880
16.838837 -19.009689
15.651082 -19.490557
14.411587 -19.815592
13.140702 -19.979454
11.859298 -19.979454
10.588413 -19.815592
9.348918 -19.490557
8.161162 -19.009689
7.044651 -18.380880
6.017716 -17.614460
5.097220 -16.723009
4.298277 -15.721167
3.634007 -14.625383
3.115316 -13.453650
2.750721 -12.225209
2.546209 -10.960230
2.505138 -9.679484
2.628182 -8.404001
2.913321 -7.154724
3.355874 -5.952167
3.948572 -4.816074
4.681685 -3.765102
5.543174 -2.816506
6.518895 -1.985864
7.592824 -1.286813
8.747330 -0.730832
9.963454 -0.327051
11.221229 -0.082100
12.500000 0.000000
37.500000 0.000000
38.778770 -0.082100
40.036545 -0.327051
41.252670 -0.730832
42.407177 -1.286813
43.481106 -1.985864
44.456825 -2.816506
45.318314 -3.765102
46.051426 -4.816074
46.644127 -5.952167
47.086678 -7.154724
47.371819 -8.404001
47.494862 -9.679484
47.453793 -10.960230
47.249279 -12.225209
46.884686 -13.453650
46.365993 -14.625383
45.701721 -15.721167
44.902779 -16.723009
43.982285 -17.614460
42.955349 -18.380880
41.838837 -19.009689
40.651081 -19.490557
39.411587 -19.815592
38.140701 -19.979454
36.859299 -19.979454
35.588413 -19.815592
34.348919 -19.490557
33.161163 -19.009689
32.044651 -18.380880
31.017715 -17.614460
30.097219 -16.723009
29.298277 -15.721167
28.634007 -14.625383
28.115316 -13.453650
27.750721 -12.225209
27.546209 -10.960230
27.505138 -9.679484
27.628181 -8.404001
27.913321 -7.154724
28.355873 -5.952167
28.948572 -4.816074
29.681684 -3.765102
30.543175 -2.816506
31.518894 -1.985864
32.592823 -1.286813
33.747330 -0.730832
34.963455 -0.327051
36.221230 -0.082100
37.500000 0.000000
