0.000000 0.000000 213.854749
25.000000 0.000000 212.967033
50.000000 0.000000 210.738916
75.000000 0.000000 210.900000
100.000000 0.000000 211.563981
125.000000 0.000000 213.951220
150.000000 0.000000 211.470588
175.000000 0.000000 212.807882
200.000000 0.000000 211.698113
225.000000 0.000000 212.477064
250.000000 0.000000 213.267327
275.000000 0.000000 212.285714
300.000000 0.000000 212.440191
325.000000 0.000000 211.317073
350.000000 0.000000 212.985782
375.000000 0.000000 210.555556
400.000000 0.000000 212.410714
425.000000 0.000000 211.055276
450.000000 0.000000 210.000000
475.000000 0.000000 210.666667
500.000000 0.000000 210.738916
525.000000 0.000000 210.976744
550.000000 0.000000 212.500000
575.000000 0.000000 212.073733
600.000000 0.000000 211.132075
625.000000 0.000000 211.004785
650.000000 0.000000 211.563981
675.000000 0.000000 211.864407
700.000000 0.000000 210.476190
725.000000 0.000000 210.976744
750.000000 0.000000 212.000000
775.000000 0.000000 210.819672
0.000000 25.000000 213.409091
25.000000 25.000000 210.000000
50.000000 25.000000 210.909091
75.000000 25.000000 211.959799
100.000000 25.000000 211.470588
125.000000 25.000000 211.055276
150.000000 25.000000 213.333333
175.000000 25.000000 211.267606
200.000000 25.000000 212.807882
225.000000 25.000000 212.953368
250.000000 25.000000 210.447761
275.000000 25.000000 212.307692
300.000000 25.000000 210.000000
325.000000 25.000000 212.753623
350.000000 25.000000 213.267327
375.000000 25.000000 210.135747
400.000000 25.000000 210.138249
425.000000 25.000000 210.410959
450.000000 25.000000 211.506849
475.000000 25.000000 210.555556
500.000000 25.000000 211.244240
525.000000 25.000000 211.866029
550.000000 25.000000 210.410959
575.000000 25.000000 210.560748
600.000000 25.000000 209.702970
625.000000 25.000000 210.540541
650.000000 25.000000 211.612903
675.000000 25.000000 212.526316
700.000000 25.000000 212.108108
725.000000 25.000000 210.612245
750.000000 25.000000 212.441860
775.000000 25.000000 212.000000
0.000000 50.000000 209.010989
25.000000 50.000000 212.280702
50.000000 50.000000 211.612903
75.000000 50.000000 212.307692
100.000000 50.000000 212.985782
125.000000 50.000000 212.440191
150.000000 50.000000 211.641791
175.000000 50.000000 211.388889
200.000000 50.000000 213.000000
225.000000 50.000000 211.813953
250.000000 50.000000 212.041885
275.000000 50.000000 211.132075
300.000000 50.000000 212.547170
325.000000 50.000000 211.698113
350.000000 50.000000 211.962617
375.000000 50.000000 210.418605
400.000000 50.000000 210.857143
425.000000 50.000000 209.859155
450.000000 50.000000 211.563981
475.000000 50.000000 210.560748
500.000000 50.000000 212.884615
525.000000 50.000000 211.210762
550.000000 50.000000 210.000000
575.000000 50.000000 210.560748
600.000000 50.000000 210.300000
625.000000 50.000000 212.038835
650.000000 50.000000 210.555556
675.000000 50.000000 210.152284
700.000000 50.000000 211.542857
725.000000 50.000000 211.318681
750.000000 50.000000 212.881356
775.000000 50.000000 211.122995
0.000000 75.000000 211.948052
25.000000 75.000000 211.630435
50.000000 75.000000 210.909091
75.000000 75.000000 211.594203
100.000000 75.000000 212.285714
125.000000 75.000000 211.698113
150.000000 75.000000 211.675127
175.000000 75.000000 212.264151
200.000000 75.000000 211.267606
225.000000 75.000000 212.195122
250.000000 75.000000 213.495146
275.000000 75.000000 212.985782
300.000000 75.000000 207.111111
325.000000 75.000000 211.267606
350.000000 75.000000 211.813953
375.000000 75.000000 211.813953
400.000000 75.000000 208.857143
425.000000 75.000000 212.500000
450.000000 75.000000 202.400000
475.000000 75.000000 207.768595
500.000000 75.000000 211.506849
525.000000 75.000000 209.196429
550.000000 75.000000 211.651376
575.000000 75.000000 210.447761
600.000000 75.000000 209.423077
625.000000 75.000000 209.166667
650.000000 75.000000 209.439252
675.000000 75.000000 213.000000
700.000000 75.000000 210.967742
725.000000 75.000000 210.315789
750.000000 75.000000 210.300000
775.000000 75.000000 211.692308
0.000000 100.000000 212.195122
25.000000 100.000000 210.625000
50.000000 100.000000 210.283019
75.000000 100.000000 211.004785
100.000000 100.000000 212.526316
125.000000 100.000000 211.698113
150.000000 100.000000 211.470588
175.000000 100.000000 211.962617
200.000000 100.000000 211.866029
225.000000 100.000000 211.506849
250.000000 100.000000 212.073733
275.000000 100.000000 214.545455
300.000000 100.000000 53.725490
325.000000 100.000000 211.959799
350.000000 100.000000 211.470588
375.000000 100.000000 212.807882
400.000000 100.000000 206.926829
425.000000 100.000000 49.578947
450.000000 100.000000 50.541872
475.000000 100.000000 48.770053
500.000000 100.000000 52.142857
525.000000 100.000000 208.918919
550.000000 100.000000 210.530973
575.000000 100.000000 210.724638
600.000000 100.000000 210.000000
625.000000 100.000000 213.076923
650.000000 100.000000 211.132075
675.000000 100.000000 212.424242
700.000000 100.000000 210.900000
725.000000 100.000000 212.108108
750.000000 100.000000 210.410959
775.000000 100.000000 211.641791
0.000000 125.000000 210.714286
25.000000 125.000000 210.152284
50.000000 125.000000 213.207547
75.000000 125.000000 211.506849
100.000000 125.000000 211.563981
125.000000 125.000000 213.142857
150.000000 125.000000 211.813953
175.000000 125.000000 213.061224
200.000000 125.000000 210.452261
225.000000 125.000000 209.423077
250.000000 125.000000 57.735849
275.000000 125.000000 48.260870
300.000000 125.000000 50.425532
325.000000 125.000000 50.869565
350.000000 125.000000 204.782609
375.000000 125.000000 211.244240
400.000000 125.000000 209.449541
425.000000 125.000000 208.860759
450.000000 125.000000 52.160804
475.000000 125.000000 53.863636
500.000000 125.000000 209.729730
525.000000 125.000000 212.812500
550.000000 125.000000 209.866667
575.000000 125.000000 210.530973
600.000000 125.000000 211.034483
625.000000 125.000000 211.099476
650.000000 125.000000 211.866029
675.000000 125.000000 210.300000
700.000000 125.000000 211.470588
725.000000 125.000000 210.900000
750.000000 125.000000 213.666667
775.000000 125.000000 211.813953
0.000000 150.000000 213.538462
25.000000 150.000000 210.927835
50.000000 150.000000 211.866029
75.000000 150.000000 212.285714
100.000000 150.000000 211.698113
125.000000 150.000000 213.679245
150.000000 150.000000 213.073171
175.000000 150.000000 211.267606
200.000000 150.000000 210.724638
225.000000 150.000000 212.264151
250.000000 150.000000 211.348315
275.000000 150.000000 49.005236
300.000000 150.000000 50.000000
325.000000 150.000000 211.746032
350.000000 150.000000 212.440191
375.000000 150.000000 210.550459
400.000000 150.000000 211.621622
425.000000 150.000000 50.816327
450.000000 150.000000 209.705882
475.000000 150.000000 50.679612
500.000000 150.000000 210.000000
525.000000 150.000000 211.563981
550.000000 150.000000 210.447761
575.000000 150.000000 57.196262
600.000000 150.000000 46.941176
625.000000 150.000000 195.000000
650.000000 150.000000 208.255814
675.000000 150.000000 210.418605
700.000000 150.000000 210.439024
725.000000 150.000000 211.055276
750.000000 150.000000 213.267327
775.000000 150.000000 211.244240
0.000000 175.000000 212.285714
25.000000 175.000000 209.589041
50.000000 175.000000 211.848341
75.000000 175.000000 211.962617
100.000000 175.000000 211.563981
125.000000 175.000000 210.560748
150.000000 175.000000 211.698113
175.000000 175.000000 211.746032
200.000000 175.000000 213.239437
225.000000 175.000000 213.488372
250.000000 175.000000 207.857143
275.000000 175.000000 212.553191
300.000000 175.000000 210.000000
325.000000 175.000000 209.280000
350.000000 175.000000 210.825688
375.000000 175.000000 212.985782
400.000000 175.000000 210.135747
425.000000 175.000000 210.950226
450.000000 175.000000 211.607143
475.000000 175.000000 211.506849
500.000000 175.000000 211.315789
525.000000 175.000000 209.729730
550.000000 175.000000 210.976744
575.000000 175.000000 212.698413
600.000000 175.000000 47.817259
625.000000 175.000000 51.724138
650.000000 175.000000 212.441860
675.000000 175.000000 210.439024
700.000000 175.000000 211.317073
725.000000 175.000000 210.976744
750.000000 175.000000 213.437500
775.000000 175.000000 210.439024
0.000000 200.000000 211.267606
25.000000 200.000000 210.270270
50.000000 200.000000 210.825688
75.000000 200.000000 212.038835
100.000000 200.000000 212.285714
125.000000 200.000000 210.857143
150.000000 200.000000 211.746032
175.000000 200.000000 210.000000
200.000000 200.000000 210.857143
225.000000 200.000000 211.813953
250.000000 200.000000 211.132075
275.000000 200.000000 210.288462
300.000000 200.000000 211.317073
325.000000 200.000000 210.135747
350.000000 200.000000 211.210762
375.000000 200.000000 210.976744
400.000000 200.000000 210.560748
425.000000 200.000000 210.950226
450.000000 200.000000 210.288462
475.000000 200.000000 211.959799
500.000000 200.000000 210.666667
525.000000 200.000000 210.403587
550.000000 200.000000 213.267327
575.000000 200.000000 43.695652
600.000000 200.000000 206.440678
625.000000 200.000000 49.915966
650.000000 200.000000 212.108108
675.000000 200.000000 211.692308
700.000000 200.000000 211.398964
725.000000 200.000000 211.866029
750.000000 200.000000 212.307692
775.000000 200.000000 210.418605
0.000000 225.000000 212.547170
25.000000 225.000000 212.547170
50.000000 225.000000 212.500000
75.000000 225.000000 211.797235
100.000000 225.000000 210.618557
125.000000 225.000000 55.578947
150.000000 225.000000 54.358974
175.000000 225.000000 49.090909
200.000000 225.000000 206.447368
225.000000 225.000000 212.331606
250.000000 225.000000 211.267606
275.000000 225.000000 210.976744
300.000000 225.000000 211.363636
325.000000 225.000000 211.267606
350.000000 225.000000 211.317073
375.000000 225.000000 210.410959
400.000000 225.000000 213.495146
425.000000 225.000000 210.288462
450.000000 225.000000 211.004785
475.000000 225.000000 211.813953
500.000000 225.000000 210.418605
525.000000 225.000000 210.738916
550.000000 225.000000 210.000000
575.000000 225.000000 211.630435
600.000000 225.000000 210.000000
625.000000 225.000000 213.409091
650.000000 225.000000 211.459459
675.000000 225.000000 211.597633
700.000000 225.000000 209.662921
725.000000 225.000000 211.866029
750.000000 225.000000 210.857143
775.000000 225.000000 210.439024
0.000000 250.000000 212.073733
25.000000 250.000000 211.506849
50.000000 250.000000 211.698113
75.000000 250.000000 211.813953
100.000000 250.000000 211.698113
125.000000 250.000000 213.900000
150.000000 250.000000 47.766990
175.000000 250.000000 49.615385
200.000000 250.000000 217.741935
225.000000 250.000000 211.962617
250.000000 250.000000 211.682243
275.000000 250.000000 212.500000
300.000000 250.000000 211.959799
325.000000 250.000000 211.004785
350.000000 250.000000 209.454545
375.000000 250.000000 211.594203
400.000000 250.000000 208.598131
425.000000 250.000000 211.244240
450.000000 250.000000 213.600000
475.000000 250.000000 210.555556
500.000000 250.000000 211.563981
525.000000 250.000000 208.311688
550.000000 250.000000 208.598131
575.000000 250.000000 211.122995
600.000000 250.000000 212.000000
625.000000 250.000000 210.810811
650.000000 250.000000 212.817680
675.000000 250.000000 212.335329
700.000000 250.000000 56.000000
725.000000 250.000000 211.055276
750.000000 250.000000 210.000000
775.000000 250.000000 213.237410
0.000000 275.000000 211.004785
25.000000 275.000000 211.318681
50.000000 275.000000 210.857143
75.000000 275.000000 212.537313
100.000000 275.000000 210.738916
125.000000 275.000000 201.038961
150.000000 275.000000 59.354839
175.000000 275.000000 51.606218
200.000000 275.000000 210.452261
225.000000 275.000000 211.563981
250.000000 275.000000 212.073733
275.000000 275.000000 213.073171
300.000000 275.000000 211.612903
325.000000 275.000000 212.758621
350.000000 275.000000 210.900000
375.000000 275.000000 211.132075
400.000000 275.000000 207.174888
425.000000 275.000000 212.307692
450.000000 275.000000 210.000000
475.000000 275.000000 212.036199
500.000000 275.000000 210.950226
525.000000 275.000000 210.283019
550.000000 275.000000 210.315789
575.000000 275.000000 210.152284
600.000000 275.000000 211.318681
625.000000 275.000000 213.417722
650.000000 275.000000 209.714286
675.000000 275.000000 47.107438
700.000000 275.000000 44.129032
725.000000 275.000000 138.620690
750.000000 275.000000 206.456693
775.000000 275.000000 212.698413
0.000000 300.000000 210.909091
25.000000 300.000000 211.506849
50.000000 300.000000 210.555556
75.000000 300.000000 211.891892
100.000000 300.000000 211.909091
125.000000 300.000000 210.927835
150.000000 300.000000 212.547170
175.000000 300.000000 208.778281
200.000000 300.000000 210.560748
225.000000 300.000000 211.594203
250.000000 300.000000 212.547170
275.000000 300.000000 211.594203
300.000000 300.000000 213.176471
325.000000 300.000000 212.817680
350.000000 300.000000 210.612245
375.000000 300.000000 210.000000
400.000000 300.000000 210.410959
425.000000 300.000000 211.641791
450.000000 300.000000 211.563981
475.000000 300.000000 210.666667
500.000000 300.000000 211.244240
525.000000 300.000000 211.563981
550.000000 300.000000 211.244240
575.000000 300.000000 212.000000
600.000000 300.000000 211.907514
625.000000 300.000000 211.907514
650.000000 300.000000 210.352941
675.000000 300.000000 99.000000
700.000000 300.000000 47.441860
725.000000 300.000000 211.363636
750.000000 300.000000 211.607143
775.000000 300.000000 211.506849
0.000000 325.000000 213.888889
25.000000 325.000000 213.333333
50.000000 325.000000 211.866029
75.000000 325.000000 211.061947
100.000000 325.000000 211.962617
125.000000 325.000000 212.985782
150.000000 325.000000 210.825688
175.000000 325.000000 209.729730
200.000000 325.000000 211.122995
225.000000 325.000000 212.054795
250.000000 325.000000 211.267606
275.000000 325.000000 210.950226
300.000000 325.000000 211.744186
325.000000 325.000000 211.692308
350.000000 325.000000 210.000000
375.000000 325.000000 211.563981
400.000000 325.000000 207.982063
425.000000 325.000000 210.660793
450.000000 325.000000 210.649351
475.000000 325.000000 211.267606
500.000000 325.000000 206.877828
525.000000 325.000000 210.326087
550.000000 325.000000 211.317073
575.000000 325.000000 214.569536
600.000000 325.000000 211.348315
625.000000 325.000000 212.817680
650.000000 325.000000 211.318681
675.000000 325.000000 56.470588
700.000000 325.000000 214.148936
725.000000 325.000000 203.883495
750.000000 325.000000 207.174888
775.000000 325.000000 212.972973
0.000000 350.000000 208.995215
25.000000 350.000000 211.698113
50.000000 350.000000 211.363636
75.000000 350.000000 211.506849
100.000000 350.000000 211.470588
125.000000 350.000000 213.750000
150.000000 350.000000 211.621622
175.000000 350.000000 213.333333
200.000000 350.000000 210.900000
225.000000 350.000000 213.073171
250.000000 350.000000 211.506849
275.000000 350.000000 211.563981
300.000000 350.000000 212.307692
325.000000 350.000000 212.807882
350.000000 350.000000 210.530973
375.000000 350.000000 210.410959
400.000000 350.000000 211.607143
425.000000 350.000000 207.811159
450.000000 350.000000 209.565217
475.000000 350.000000 210.000000
500.000000 350.000000 210.418605
525.000000 350.000000 210.319149
550.000000 350.000000 212.041885
575.000000 350.000000 215.657143
600.000000 350.000000 212.000000
625.000000 350.000000 211.630435
650.000000 350.000000 211.744186
675.000000 350.000000 211.411765
700.000000 350.000000 211.959799
725.000000 350.000000 210.612245
750.000000 350.000000 211.673820
775.000000 350.000000 211.363636
0.000000 375.000000 211.698113
25.000000 375.000000 213.333333
50.000000 375.000000 210.697674
75.000000 375.000000 211.542857
100.000000 375.000000 56.178344
125.000000 375.000000 210.800000
150.000000 375.000000 210.138249
175.000000 375.000000 211.506849
200.000000 375.000000 211.363636
225.000000 375.000000 211.506849
250.000000 375.000000 211.210762
275.000000 375.000000 211.641791
300.000000 375.000000 212.331606
325.000000 375.000000 210.418605
350.000000 375.000000 209.734513
375.000000 375.000000 210.738916
400.000000 375.000000 210.000000
425.000000 375.000000 210.917031
450.000000 375.000000 211.132075
475.000000 375.000000 210.000000
500.000000 375.000000 211.244240
525.000000 375.000000 211.914894
550.000000 375.000000 210.967742
575.000000 375.000000 210.819672
600.000000 375.000000 211.907514
625.000000 375.000000 211.597633
650.000000 375.000000 210.697674
675.000000 375.000000 211.864407
700.000000 375.000000 209.734513
725.000000 375.000000 210.000000
750.000000 375.000000 210.131004
775.000000 375.000000 210.410959
0.000000 400.000000 211.962617
25.000000 400.000000 209.859155
50.000000 400.000000 210.724638
75.000000 400.000000 52.444444
100.000000 400.000000 49.064039
125.000000 400.000000 51.649485
150.000000 400.000000 204.545455
175.000000 400.000000 212.698413
200.000000 400.000000 211.244240
225.000000 400.000000 211.061947
250.000000 400.000000 213.267327
275.000000 400.000000 211.132075
300.000000 400.000000 212.331606
325.000000 400.000000 209.852217
350.000000 400.000000 211.698113
375.000000 400.000000 210.138249
400.000000 400.000000 211.866029
425.000000 400.000000 209.339207
450.000000 400.000000 210.418605
475.000000 400.000000 211.210762
500.000000 400.000000 212.038835
525.000000 400.000000 210.724638
550.000000 400.000000 211.411765
575.000000 400.000000 212.526316
600.000000 400.000000 210.857143
625.000000 400.000000 210.167598
650.000000 400.000000 211.348315
675.000000 400.000000 209.841270
700.000000 400.000000 210.326087
725.000000 400.000000 112.941176
750.000000 400.000000 209.606987
775.000000 400.000000 210.825688
0.000000 425.000000 212.967033
25.000000 425.000000 213.298429
50.000000 425.000000 213.267327
75.000000 425.000000 160.000000
100.000000 425.000000 50.153846
125.000000 425.000000 52.021277
150.000000 425.000000 209.174312
175.000000 425.000000 211.563981
200.000000 425.000000 210.135747
225.000000 425.000000 207.733333
250.000000 425.000000 212.038835
275.000000 425.000000 214.105263
300.000000 425.000000 215.060241
325.000000 425.000000 210.135747
350.000000 425.000000 209.449541
375.000000 425.000000 209.573460
400.000000 425.000000 211.267606
425.000000 425.000000 207.966102
450.000000 425.000000 209.196429
475.000000 425.000000 210.403587
500.000000 425.000000 211.122995
525.000000 425.000000 212.662722
550.000000 425.000000 212.662722
575.000000 425.000000 211.022727
600.000000 425.000000 211.597633
625.000000 425.000000 212.195122
650.000000 425.000000 211.034483
675.000000 425.000000 43.291139
700.000000 425.000000 50.066225
725.000000 425.000000 52.758621
750.000000 425.000000 133.333333
775.000000 425.000000 210.649351
0.000000 450.000000 212.307692
25.000000 450.000000 211.744186
50.000000 450.000000 213.000000
75.000000 450.000000 212.980132
100.000000 450.000000 211.470588
125.000000 450.000000 209.518717
150.000000 450.000000 211.055276
175.000000 450.000000 213.529412
200.000000 450.000000 211.866029
225.000000 450.000000 211.132075
250.000000 450.000000 211.962617
275.000000 450.000000 211.921182
300.000000 450.000000 214.285714
325.000000 450.000000 212.195122
350.000000 450.000000 210.138249
375.000000 450.000000 210.724638
400.000000 450.000000 210.950226
425.000000 450.000000 212.073733
450.000000 450.000000 211.621622
475.000000 450.000000 210.418605
500.000000 450.000000 211.921182
525.000000 450.000000 212.817680
550.000000 450.000000 212.335329
575.000000 450.000000 211.000000
600.000000 450.000000 211.022727
625.000000 450.000000 211.122995
650.000000 450.000000 212.441860
675.000000 450.000000 211.318681
700.000000 450.000000 47.165775
725.000000 450.000000 49.430052
750.000000 450.000000 208.778281
775.000000 450.000000 211.866029
0.000000 475.000000 213.854749
25.000000 475.000000 212.335329
50.000000 475.000000 213.207547
75.000000 475.000000 213.707865
100.000000 475.000000 212.760736
125.000000 475.000000 212.571429
150.000000 475.000000 212.307692
175.000000 475.000000 210.319149
200.000000 475.000000 213.437500
225.000000 475.000000 213.267327
250.000000 475.000000 211.621622
275.000000 475.000000 210.976744
300.000000 475.000000 209.852217
325.000000 475.000000 210.530973
350.000000 475.000000 211.363636
375.000000 475.000000 211.132075
400.000000 475.000000 210.410959
425.000000 475.000000 210.283019
450.000000 475.000000 212.038835
475.000000 475.000000 211.132075
500.000000 475.000000 212.307692
525.000000 475.000000 211.542857
550.000000 475.000000 211.864407
575.000000 475.000000 211.907514
600.000000 475.000000 211.914894
625.000000 475.000000 211.542857
650.000000 475.000000 212.280702
675.000000 475.000000 210.931677
700.000000 475.000000 210.931677
725.000000 475.000000 182.857143
750.000000 475.000000 208.378378
775.000000 475.000000 211.607143
0.000000 500.000000 213.176471
25.000000 500.000000 213.333333
50.000000 500.000000 212.335329
75.000000 500.000000 212.195122
100.000000 500.000000 212.891566
125.000000 500.000000 212.075472
150.000000 500.000000 210.573248
175.000000 500.000000 211.597633
200.000000 500.000000 212.000000
225.000000 500.000000 211.317073
250.000000 500.000000 211.641791
275.000000 500.000000 210.976744
300.000000 500.000000 212.073733
325.000000 500.000000 211.267606
350.000000 500.000000 210.418605
375.000000 500.000000 211.641791
400.000000 500.000000 213.529412
425.000000 500.000000 211.530612
450.000000 500.000000 209.859155
475.000000 500.000000 210.452261
500.000000 500.000000 211.594203
525.000000 500.000000 213.666667
550.000000 500.000000 211.719745
575.000000 500.000000 210.857143
600.000000 500.000000 212.571429
625.000000 500.000000 212.571429
650.000000 500.000000 211.288344
675.000000 500.000000 210.927835
700.000000 500.000000 209.449541
725.000000 500.000000 210.000000
750.000000 500.000000 208.520179
775.000000 500.000000 210.000000
0.000000 525.000000 213.454545
25.000000 525.000000 212.335329
50.000000 525.000000 211.257485
75.000000 525.000000 212.760736
100.000000 525.000000 211.288344
125.000000 525.000000 210.750000
150.000000 525.000000 61.764706
175.000000 525.000000 212.662722
200.000000 525.000000 213.727811
225.000000 525.000000 210.857143
250.000000 525.000000 212.041885
275.000000 525.000000 210.560748
300.000000 525.000000 212.285714
325.000000 525.000000 210.131004
350.000000 525.000000 210.418605
375.000000 525.000000 212.967033
400.000000 525.000000 208.755760
425.000000 525.000000 210.530973
450.000000 525.000000 210.138249
475.000000 525.000000 210.612245
500.000000 525.000000 212.817680
525.000000 525.000000 212.335329
550.000000 525.000000 213.214286
575.000000 525.000000 211.022727
600.000000 525.000000 212.406417
625.000000 525.000000 210.169492
650.000000 525.000000 212.178771
675.000000 525.000000 210.000000
700.000000 525.000000 211.594203
725.000000 525.000000 211.210762
750.000000 525.000000 210.135747
775.000000 525.000000 209.589041
0.000000 550.000000 211.851852
25.000000 550.000000 212.422360
50.000000 550.000000 213.176471
75.000000 550.000000 211.907514
100.000000 550.000000 56.086957
125.000000 550.000000 49.248555
150.000000 550.000000 48.917197
175.000000 550.000000 49.510490
200.000000 550.000000 215.478261
225.000000 550.000000 211.630435
250.000000 550.000000 212.817680
275.000000 550.000000 210.152284
300.000000 550.000000 212.500000
325.000000 550.000000 210.403587
350.000000 550.000000 212.036199
375.000000 550.000000 211.858407
400.000000 550.000000 212.266667
425.000000 550.000000 210.825688
450.000000 550.000000 210.976744
475.000000 550.000000 210.152284
500.000000 550.000000 212.108108
525.000000 550.000000 211.851852
550.000000 550.000000 212.108108
575.000000 550.000000 211.864407
600.000000 550.000000 212.108108
625.000000 550.000000 212.571429
650.000000 550.000000 212.571429
675.000000 550.000000 211.764706
700.000000 550.000000 209.729730
725.000000 550.000000 211.315789
750.000000 550.000000 211.506849
775.000000 550.000000 210.258621
0.000000 575.000000 209.447853
25.000000 575.000000 210.000000
50.000000 575.000000 211.257485
75.000000 575.000000 212.760736
100.000000 575.000000 212.441860
125.000000 575.000000 48.750000
150.000000 575.000000 50.860927
175.000000 575.000000 212.758621
200.000000 575.000000 212.881356
225.000000 575.000000 214.754098
250.000000 575.000000 210.288462
275.000000 575.000000 211.530612
300.000000 575.000000 210.439024
325.000000 575.000000 211.962617
350.000000 575.000000 208.755760
375.000000 575.000000 207.876106
400.000000 575.000000 211.858407
425.000000 575.000000 213.679245
450.000000 575.000000 212.331606
475.000000 575.000000 213.298429
500.000000 575.000000 211.411765
525.000000 575.000000 208.771930
550.000000 575.000000 212.526316
575.000000 575.000000 210.978261
600.000000 575.000000 209.852217
625.000000 575.000000 126.666667
650.000000 575.000000 50.877193
675.000000 575.000000 47.253886
700.000000 575.000000 205.128205
725.000000 575.000000 211.921182
750.000000 575.000000 210.000000
775.000000 575.000000 210.560748
0.000000 600.000000 211.348315
25.000000 600.000000 211.864407
50.000000 600.000000 212.817680
75.000000 600.000000 212.422360
100.000000 600.000000 209.523810
125.000000 600.000000 212.758621
150.000000 600.000000 214.105263
175.000000 600.000000 205.423729
200.000000 600.000000 212.108108
225.000000 600.000000 213.073171
250.000000 600.000000 212.038835
275.000000 600.000000 210.976744
300.000000 600.000000 209.449541
325.000000 600.000000 208.543689
350.000000 600.000000 211.563981
375.000000 600.000000 210.666667
400.000000 600.000000 210.976744
425.000000 600.000000 210.000000
450.000000 600.000000 213.184358
475.000000 600.000000 211.398964
500.000000 600.000000 212.758621
525.000000 600.000000 212.441860
550.000000 600.000000 211.459459
575.000000 600.000000 211.746032
600.000000 600.000000 211.612903
625.000000 600.000000 211.864407
650.000000 600.000000 52.241379
675.000000 600.000000 54.468085
700.000000 600.000000 211.055276
725.000000 600.000000 211.132075
750.000000 600.000000 210.138249
775.000000 600.000000 211.594203
0.000000 625.000000 212.041885
25.000000 625.000000 215.195531
50.000000 625.000000 212.307692
75.000000 625.000000 212.307692
100.000000 625.000000 212.422360
125.000000 625.000000 212.441860
150.000000 625.000000 212.698413
175.000000 625.000000 210.452261
200.000000 625.000000 211.692308
225.000000 625.000000 210.909091
250.000000 625.000000 100.714286
275.000000 625.000000 210.000000
300.000000 625.000000 211.363636
325.000000 625.000000 211.594203
350.000000 625.000000 210.857143
375.000000 625.000000 212.038835
400.000000 625.000000 209.729730
425.000000 625.000000 211.962617
450.000000 625.000000 210.724638
475.000000 625.000000 212.783505
500.000000 625.000000 212.526316
525.000000 625.000000 212.178771
550.000000 625.000000 211.680000
575.000000 625.000000 210.967742
600.000000 625.000000 211.000000
625.000000 625.000000 210.319149
650.000000 625.000000 211.055276
675.000000 625.000000 209.702970
700.000000 625.000000 211.244240
725.000000 625.000000 210.410959
750.000000 625.000000 211.607143
775.000000 625.000000 208.583691
0.000000 650.000000 214.588235
25.000000 650.000000 212.758621
50.000000 650.000000 209.841270
75.000000 650.000000 212.783505
100.000000 650.000000 211.530612
125.000000 650.000000 212.459016
150.000000 650.000000 210.967742
175.000000 650.000000 209.261084
200.000000 650.000000 211.680000
225.000000 650.000000 214.687500
250.000000 650.000000 47.812500
275.000000 650.000000 208.307692
300.000000 650.000000 211.692308
325.000000 650.000000 210.138249
350.000000 650.000000 210.555556
375.000000 650.000000 209.606987
400.000000 650.000000 209.150943
425.000000 650.000000 211.004785
450.000000 650.000000 210.825688
475.000000 650.000000 210.625000
500.000000 650.000000 211.348315
525.000000 650.000000 211.542857
550.000000 650.000000 49.530201
575.000000 650.000000 211.864407
600.000000 650.000000 210.900000
625.000000 650.000000 211.099476
650.000000 650.000000 210.900000
675.000000 650.000000 212.036199
700.000000 650.000000 211.563981
725.000000 650.000000 211.641791
750.000000 650.000000 210.283019
775.000000 650.000000 209.423077
0.000000 675.000000 213.488372
25.000000 675.000000 210.497238
50.000000 675.000000 210.909091
75.000000 675.000000 211.914894
100.000000 675.000000 211.921182
125.000000 675.000000 213.488372
150.000000 675.000000 212.142857
175.000000 675.000000 211.921182
200.000000 675.000000 211.055276
225.000000 675.000000 54.453782
250.000000 675.000000 48.923077
275.000000 675.000000 64.421053
300.000000 675.000000 210.439024
325.000000 675.000000 212.526316
350.000000 675.000000 209.729730
375.000000 675.000000 210.410959
400.000000 675.000000 49.028571
425.000000 675.000000 212.195122
450.000000 675.000000 212.537313
475.000000 675.000000 210.900000
500.000000 675.000000 213.666667
525.000000 675.000000 49.836066
550.000000 675.000000 50.594595
575.000000 675.000000 57.428571
600.000000 675.000000 212.884615
625.000000 675.000000 210.909091
650.000000 675.000000 211.641791
675.000000 675.000000 211.428571
700.000000 675.000000 209.041096
725.000000 675.000000 210.660793
750.000000 675.000000 211.673820
775.000000 675.000000 211.962617
0.000000 700.000000 215.000000
25.000000 700.000000 215.675676
50.000000 700.000000 212.537313
75.000000 700.000000 213.807107
100.000000 700.000000 211.921182
125.000000 700.000000 210.447761
150.000000 700.000000 211.959799
175.000000 700.000000 214.639175
200.000000 700.000000 211.866029
225.000000 700.000000 51.157895
250.000000 700.000000 208.181818
275.000000 700.000000 68.888889
300.000000 700.000000 210.000000
325.000000 700.000000 212.036199
350.000000 700.000000 58.441558
375.000000 700.000000 49.340102
400.000000 700.000000 50.425532
425.000000 700.000000 48.639053
450.000000 700.000000 204.000000
475.000000 700.000000 209.687500
500.000000 700.000000 211.122995
525.000000 700.000000 52.247191
550.000000 700.000000 50.769231
575.000000 700.000000 211.675127
600.000000 700.000000 211.244240
625.000000 700.000000 211.621622
650.000000 700.000000 211.004785
675.000000 700.000000 211.621622
700.000000 700.000000 212.752294
725.000000 700.000000 210.000000
750.000000 700.000000 210.000000
775.000000 700.000000 211.748879
0.000000 725.000000 211.597633
25.000000 725.000000 211.459459
50.000000 725.000000 213.267327
75.000000 725.000000 211.914894
100.000000 725.000000 211.866029
125.000000 725.000000 211.641791
150.000000 725.000000 213.951220
175.000000 725.000000 211.188119
200.000000 725.000000 210.418605
225.000000 725.000000 210.000000
250.000000 725.000000 210.950226
275.000000 725.000000 210.796460
300.000000 725.000000 209.196429
325.000000 725.000000 210.825688
350.000000 725.000000 211.565217
375.000000 725.000000 50.980392
400.000000 725.000000 50.447761
425.000000 725.000000 212.526316
450.000000 725.000000 211.244240
475.000000 725.000000 211.698113
500.000000 725.000000 209.439252
525.000000 725.000000 210.000000
550.000000 725.000000 211.675127
575.000000 725.000000 209.528796
600.000000 725.000000 212.073733
625.000000 725.000000 209.000000
650.000000 725.000000 210.410959
675.000000 725.000000 210.530973
700.000000 725.000000 207.811159
725.000000 725.000000 210.258621
750.000000 725.000000 211.043478
775.000000 725.000000 210.530973
0.000000 750.000000 212.537313
25.000000 750.000000 212.881356
50.000000 750.000000 212.195122
75.000000 750.000000 211.612903
100.000000 750.000000 210.967742
125.000000 750.000000 211.317073
150.000000 750.000000 211.004785
175.000000 750.000000 211.132075
200.000000 750.000000 211.506849
225.000000 750.000000 209.589041
250.000000 750.000000 212.073733
275.000000 750.000000 210.389610
300.000000 750.000000 210.258621
325.000000 750.000000 211.099476
350.000000 750.000000 210.825688
375.000000 750.000000 205.970149
400.000000 750.000000 207.668394
425.000000 750.000000 200.294118
450.000000 750.000000 211.813953
475.000000 750.000000 211.132075
500.000000 750.000000 210.555556
525.000000 750.000000 210.976744
550.000000 750.000000 209.573460
575.000000 750.000000 209.871245
600.000000 750.000000 210.000000
625.000000 750.000000 210.512821
650.000000 750.000000 210.530973
675.000000 750.000000 211.061947
700.000000 750.000000 210.131004
725.000000 750.000000 210.769231
750.000000 750.000000 209.449541
775.000000 750.000000 213.000000
0.000000 775.000000 211.746032
25.000000 775.000000 211.188119
50.000000 775.000000 212.331606
75.000000 775.000000 212.331606
100.000000 775.000000 211.746032
125.000000 775.000000 211.866029
150.000000 775.000000 210.825688
175.000000 775.000000 210.976744
200.000000 775.000000 209.734513
225.000000 775.000000 209.606987
250.000000 775.000000 209.606987
275.000000 775.000000 210.403587
300.000000 775.000000 212.162162
325.000000 775.000000 210.258621
350.000000 775.000000 210.000000
375.000000 775.000000 210.666667
400.000000 775.000000 210.410959
425.000000 775.000000 211.267606
450.000000 775.000000 210.555556
475.000000 775.000000 210.138249
500.000000 775.000000 210.976744
525.000000 775.000000 211.563981
550.000000 775.000000 211.267606
575.000000 775.000000 209.339207
600.000000 775.000000 210.410959
625.000000 775.000000 210.530973
650.000000 775.000000 209.606987
675.000000 775.000000 210.950226
700.000000 775.000000 210.666667
725.000000 775.000000 210.825688
750.000000 775.000000 210.403587
775.000000 775.000000 210.447761
