0.000000 0.000000 180.000000
20.000000 0.000000 180.000000
40.000000 0.000000 180.000000
60.000000 0.000000 180.000000
80.000000 0.000000 178.125000
100.000000 0.000000 180.000000
120.000000 0.000000 180.000000
140.000000 0.000000 182.727273
160.000000 0.000000 177.692308
180.000000 0.000000 180.000000
200.000000 0.000000 180.000000
220.000000 0.000000 180.000000
240.000000 0.000000 177.692308
260.000000 0.000000 184.000000
280.000000 0.000000 185.217391
300.000000 0.000000 182.400000
320.000000 0.000000 180.000000
340.000000 0.000000 188.181818
360.000000 0.000000 182.400000
380.000000 0.000000 182.400000
400.000000 0.000000 180.000000
420.000000 0.000000 180.000000
440.000000 0.000000 180.000000
460.000000 0.000000 180.000000
480.000000 0.000000 181.935484
500.000000 0.000000 181.935484
520.000000 0.000000 181.875000
540.000000 0.000000 180.000000
560.000000 0.000000 180.000000
580.000000 0.000000 180.000000
600.000000 0.000000 180.000000
620.000000 0.000000 178.500000
640.000000 0.000000 181.538462
660.000000 0.000000 184.390244
680.000000 0.000000 185.555556
700.000000 0.000000 184.528302
0.000000 20.000000 180.000000
20.000000 20.000000 180.000000
40.000000 20.000000 180.000000
60.000000 20.000000 180.000000
80.000000 20.000000 180.000000
100.000000 20.000000 178.235294
120.000000 20.000000 180.000000
140.000000 20.000000 178.125000
160.000000 20.000000 178.235294
180.000000 20.000000 180.000000
200.000000 20.000000 178.125000
220.000000 20.000000 178.125000
240.000000 20.000000 180.000000
260.000000 20.000000 178.125000
280.000000 20.000000 178.235294
300.000000 20.000000 180.000000
320.000000 20.000000 180.000000
340.000000 20.000000 180.000000
360.000000 20.000000 180.000000
380.000000 20.000000 180.000000
400.000000 20.000000 176.666667
420.000000 20.000000 176.666667
440.000000 20.000000 180.000000
460.000000 20.000000 180.000000
480.000000 20.000000 180.000000
500.000000 20.000000 180.000000
520.000000 20.000000 180.000000
540.000000 20.000000 181.538462
560.000000 20.000000 184.390244
580.000000 20.000000 181.538462
600.000000 20.000000 184.390244
620.000000 20.000000 186.818182
640.000000 20.000000 187.659574
660.000000 20.000000 190.384615
680.000000 20.000000 190.344828
700.000000 20.000000 190.344828
0.000000 40.000000 180.000000
20.000000 40.000000 178.571429
40.000000 40.000000 187.272727
60.000000 40.000000 187.272727
80.000000 40.000000 183.243243
100.000000 40.000000 192.413793
120.000000 40.000000 183.333333
140.000000 40.000000 183.333333
160.000000 40.000000 188.275862
180.000000 40.000000 183.636364
200.000000 40.000000 180.000000
220.000000 40.000000 180.000000
240.000000 40.000000 180.000000
260.000000 40.000000 180.000000
280.000000 40.000000 180.000000
300.000000 40.000000 180.000000
320.000000 40.000000 180.000000
340.000000 40.000000 180.000000
360.000000 40.000000 180.000000
380.000000 40.000000 181.714286
400.000000 40.000000 180.000000
420.000000 40.000000 180.000000
440.000000 40.000000 181.538462
460.000000 40.000000 178.571429
480.000000 40.000000 180.000000
500.000000 40.000000 181.538462
520.000000 40.000000 186.153846
540.000000 40.000000 186.818182
560.000000 40.000000 188.372093
580.000000 40.000000 191.739130
600.000000 40.000000 192.000000
620.000000 40.000000 190.384615
640.000000 40.000000 192.857143
660.000000 40.000000 198.113208
680.000000 40.000000 194.754098
700.000000 40.000000 194.062500
0.000000 60.000000 186.153846
20.000000 60.000000 184.390244
40.000000 60.000000 192.972973
60.000000 60.000000 190.285714
80.000000 60.000000 192.352941
100.000000 60.000000 185.294118
120.000000 60.000000 183.333333
140.000000 60.000000 187.272727
160.000000 60.000000 186.153846
180.000000 60.000000 192.352941
200.000000 60.000000 190.285714
220.000000 60.000000 184.390244
240.000000 60.000000 186.153846
260.000000 60.000000 184.390244
280.000000 60.000000 181.463415
300.000000 60.000000 180.000000
320.000000 60.000000 181.538462
340.000000 60.000000 178.461538
360.000000 60.000000 178.571429
380.000000 60.000000 181.538462
400.000000 60.000000 184.390244
420.000000 60.000000 188.372093
440.000000 60.000000 187.142857
460.000000 60.000000 186.818182
480.000000 60.000000 188.372093
500.000000 60.000000 189.130435
520.000000 60.000000 189.333333
540.000000 60.000000 193.333333
560.000000 60.000000 193.333333
580.000000 60.000000 196.666667
600.000000 60.000000 198.113208
620.000000 60.000000 196.666667
640.000000 60.000000 195.483871
660.000000 60.000000 195.483871
680.000000 60.000000 197.142857
700.000000 60.000000 195.454545
0.000000 80.000000 184.390244
20.000000 80.000000 184.390244
40.000000 80.000000 183.243243
60.000000 80.000000 183.243243
80.000000 80.000000 191.351351
100.000000 80.000000 182.857143
120.000000 80.000000 182.857143
140.000000 80.000000 190.500000
160.000000 80.000000 191.351351
180.000000 80.000000 186.153846
200.000000 80.000000 187.894737
220.000000 80.000000 186.153846
240.000000 80.000000 183.243243
260.000000 80.000000 191.351351
280.000000 80.000000 184.390244
300.000000 80.000000 190.500000
320.000000 80.000000 189.130435
340.000000 80.000000 190.500000
360.000000 80.000000 184.390244
380.000000 80.000000 192.558140
400.000000 80.000000 193.636364
420.000000 80.000000 191.739130
440.000000 80.000000 190.666667
460.000000 80.000000 194.400000
480.000000 80.000000 190.188679
500.000000 80.000000 193.333333
520.000000 80.000000 195.294118
540.000000 80.000000 198.113208
560.000000 80.000000 195.000000
580.000000 80.000000 195.000000
600.000000 80.000000 195.000000
620.000000 80.000000 197.586207
640.000000 80.000000 200.000000
660.000000 80.000000 199.672131
680.000000 80.000000 200.625000
700.000000 80.000000 196.285714
0.000000 100.000000 200.952381
20.000000 100.000000 198.387097
40.000000 100.000000 200.625000
60.000000 100.000000 200.952381
80.000000 100.000000 204.590164
100.000000 100.000000 203.389831
120.000000 100.000000 202.622951
140.000000 100.000000 202.388060
160.000000 100.000000 202.388060
180.000000 100.000000 202.388060
200.000000 100.000000 201.739130
220.000000 100.000000 200.571429
240.000000 100.000000 203.013699
260.000000 100.000000 203.513514
280.000000 100.000000 203.513514
300.000000 100.000000 202.400000
320.000000 100.000000 200.769231
340.000000 100.000000 200.769231
360.000000 100.000000 205.063291
380.000000 100.000000 205.063291
400.000000 100.000000 203.703704
420.000000 100.000000 205.500000
440.000000 100.000000 204.146341
460.000000 100.000000 203.855422
480.000000 100.000000 202.682927
500.000000 100.000000 203.855422
520.000000 100.000000 205.517241
540.000000 100.000000 204.000000
560.000000 100.000000 205.714286
580.000000 100.000000 201.600000
600.000000 100.000000 204.123711
620.000000 100.000000 204.893617
640.000000 100.000000 206.086957
660.000000 100.000000 207.216495
680.000000 100.000000 207.272727
700.000000 100.000000 207.600000
0.000000 120.000000 201.038961
20.000000 120.000000 205.384615
40.000000 120.000000 206.571429
60.000000 120.000000 206.301370
80.000000 120.000000 205.063291
100.000000 120.000000 207.407407
120.000000 120.000000 206.582278
140.000000 120.000000 206.571429
160.000000 120.000000 204.473684
180.000000 120.000000 201.176471
200.000000 120.000000 203.376623
220.000000 120.000000 198.518519
240.000000 120.000000 201.627907
260.000000 120.000000 200.232558
280.000000 120.000000 201.176471
300.000000 120.000000 201.627907
320.000000 120.000000 201.176471
340.000000 120.000000 202.588235
360.000000 120.000000 205.116279
380.000000 120.000000 206.511628
400.000000 120.000000 207.272727
420.000000 120.000000 204.943820
440.000000 120.000000 204.943820
460.000000 120.000000 207.333333
480.000000 120.000000 205.333333
500.000000 120.000000 206.086957
520.000000 120.000000 208.043478
540.000000 120.000000 205.806452
560.000000 120.000000 204.893617
580.000000 120.000000 207.216495
600.000000 120.000000 204.489796
620.000000 120.000000 207.446809
640.000000 120.000000 207.272727
660.000000 120.000000 205.471698
680.000000 120.000000 208.800000
700.000000 120.000000 204.672897
0.000000 140.000000 201.038961
20.000000 140.000000 201.750000
40.000000 140.000000 202.816901
60.000000 140.000000 202.816901
80.000000 140.000000 205.600000
100.000000 140.000000 207.407407
120.000000 140.000000 204.146341
140.000000 140.000000 205.063291
160.000000 140.000000 204.146341
180.000000 140.000000 207.407407
200.000000 140.000000 204.473684
220.000000 140.000000 202.682927
240.000000 140.000000 204.146341
260.000000 140.000000 207.407407
280.000000 140.000000 201.750000
300.000000 140.000000 204.705882
320.000000 140.000000 203.855422
340.000000 140.000000 204.285714
360.000000 140.000000 201.627907
380.000000 140.000000 201.627907
400.000000 140.000000 204.000000
420.000000 140.000000 207.272727
440.000000 140.000000 203.368421
460.000000 140.000000 205.806452
480.000000 140.000000 206.966292
500.000000 140.000000 207.272727
520.000000 140.000000 205.806452
540.000000 140.000000 204.489796
560.000000 140.000000 203.505155
580.000000 140.000000 207.216495
600.000000 140.000000 206.938776
620.000000 140.000000 205.631068
640.000000 140.000000 207.378641
660.000000 140.000000 209.411765
680.000000 140.000000 203.883495
700.000000 140.000000 202.857143
0.000000 160.000000 203.076923
20.000000 160.000000 203.636364
40.000000 160.000000 203.283582
60.000000 160.000000 204.347826
80.000000 160.000000 205.588235
100.000000 160.000000 207.761194
120.000000 160.000000 209.142857
140.000000 160.000000 205.352113
160.000000 160.000000 208.695652
180.000000 160.000000 205.833333
200.000000 160.000000 202.894737
220.000000 160.000000 203.200000
240.000000 160.000000 202.682927
260.000000 160.000000 203.855422
280.000000 160.000000 203.855422
300.000000 160.000000 200.224719
320.000000 160.000000 203.181818
340.000000 160.000000 198.876404
360.000000 160.000000 200.232558
380.000000 160.000000 202.784810
400.000000 160.000000 203.855422
420.000000 160.000000 201.627907
440.000000 160.000000 203.181818
460.000000 160.000000 204.943820
480.000000 160.000000 205.517241
500.000000 160.000000 207.333333
520.000000 160.000000 208.314607
540.000000 160.000000 206.966292
560.000000 160.000000 202.886598
580.000000 160.000000 204.242424
600.000000 160.000000 205.625000
620.000000 160.000000 204.242424
640.000000 160.000000 204.489796
660.000000 160.000000 203.168317
680.000000 160.000000 206.470588
700.000000 160.000000 202.363636
0.000000 180.000000 205.714286
20.000000 180.000000 202.784810
40.000000 180.000000 202.222222
60.000000 180.000000 202.682927
80.000000 180.000000 203.855422
100.000000 180.000000 203.703704
120.000000 180.000000 203.703704
140.000000 180.000000 204.705882
160.000000 180.000000 205.500000
180.000000 180.000000 202.588235
200.000000 180.000000 201.521739
220.000000 180.000000 205.500000
240.000000 180.000000 204.705882
260.000000 180.000000 204.146341
280.000000 180.000000 204.146341
300.000000 180.000000 204.146341
320.000000 180.000000 204.473684
340.000000 180.000000 10.188679
360.000000 180.000000 2.857143
380.000000 180.000000 198.947368
400.000000 180.000000 203.870968
420.000000 180.000000 202.247191
440.000000 180.000000 203.368421
460.000000 180.000000 206.470588
480.000000 180.000000 201.428571
500.000000 180.000000 199.591837
520.000000 180.000000 199.787234
540.000000 180.000000 203.653846
560.000000 180.000000 200.377358
580.000000 180.000000 202.363636
600.000000 180.000000 204.339623
620.000000 180.000000 206.538462
640.000000 180.000000 203.653846
660.000000 180.000000 199.444444
680.000000 180.000000 201.428571
700.000000 180.000000 201.428571
0.000000 200.000000 204.473684
20.000000 200.000000 205.600000
40.000000 200.000000 205.600000
60.000000 200.000000 204.473684
80.000000 200.000000 205.600000
100.000000 200.000000 206.571429
120.000000 200.000000 206.301370
140.000000 200.000000 205.352113
160.000000 200.000000 206.363636
180.000000 200.000000 207.272727
200.000000 200.000000 207.761194
220.000000 200.000000 203.835616
240.000000 200.000000 208.695652
260.000000 200.000000 203.835616
280.000000 200.000000 207.500000
300.000000 200.000000 209.142857
320.000000 200.000000 203.636364
340.000000 200.000000 30.000000
360.000000 200.000000 330.000000
380.000000 200.000000 9.230769
400.000000 200.000000 202.816901
420.000000 200.000000 201.627907
440.000000 200.000000 203.855422
460.000000 200.000000 202.682927
480.000000 200.000000 202.682927
500.000000 200.000000 202.142857
520.000000 200.000000 204.705882
540.000000 200.000000 206.966292
560.000000 200.000000 207.954545
580.000000 200.000000 207.333333
600.000000 200.000000 207.333333
620.000000 200.000000 207.333333
640.000000 200.000000 203.870968
660.000000 200.000000 205.714286
680.000000 200.000000 205.517241
700.000000 200.000000 207.600000
0.000000 220.000000 204.761905
20.000000 220.000000 204.761905
40.000000 220.000000 204.761905
60.000000 220.000000 204.761905
80.000000 220.000000 204.761905
100.000000 220.000000 204.761905
120.000000 220.000000 204.761905
140.000000 220.000000 204.761905
160.000000 220.000000 204.761905
180.000000 220.000000 204.761905
200.000000 220.000000 204.761905
220.000000 220.000000 204.761905
240.000000 220.000000 206.666667
260.000000 220.000000 203.835616
280.000000 220.000000 205.161290
300.000000 220.000000 203.076923
320.000000 220.000000 6.315789
340.000000 220.000000 0.000000
360.000000 220.000000 0.000000
380.000000 220.000000 355.384615
400.000000 220.000000 205.600000
420.000000 220.000000 205.384615
440.000000 220.000000 202.682927
460.000000 220.000000 202.222222
480.000000 220.000000 202.682927
500.000000 220.000000 202.682927
520.000000 220.000000 202.588235
540.000000 220.000000 203.448276
560.000000 220.000000 202.588235
580.000000 220.000000 205.517241
600.000000 220.000000 205.517241
620.000000 220.000000 205.714286
640.000000 220.000000 204.943820
660.000000 220.000000 202.247191
680.000000 220.000000 203.368421
700.000000 220.000000 201.600000
0.000000 240.000000 205.090909
20.000000 240.000000 199.672131
40.000000 240.000000 204.761905
60.000000 240.000000 205.588235
80.000000 240.000000 200.952381
100.000000 240.000000 204.761905
120.000000 240.000000 204.000000
140.000000 240.000000 204.000000
160.000000 240.000000 206.666667
180.000000 240.000000 204.761905
200.000000 240.000000 203.636364
220.000000 240.000000 203.636364
240.000000 240.000000 203.076923
260.000000 240.000000 203.636364
280.000000 240.000000 205.588235
300.000000 240.000000 204.473684
320.000000 240.000000 17.045455
340.000000 240.000000 354.246575
360.000000 240.000000 252.000000
380.000000 240.000000 2.068966
400.000000 240.000000 203.376623
420.000000 240.000000 205.500000
440.000000 240.000000 202.682927
460.000000 240.000000 204.146341
480.000000 240.000000 203.855422
500.000000 240.000000 205.500000
520.000000 240.000000 204.146341
540.000000 240.000000 204.146341
560.000000 240.000000 207.272727
580.000000 240.000000 208.314607
600.000000 240.000000 208.043478
620.000000 240.000000 207.446809
640.000000 240.000000 206.086957
660.000000 240.000000 203.076923
680.000000 240.000000 203.368421
700.000000 240.000000 204.893617
0.000000 260.000000 176.400000
20.000000 260.000000 189.375000
40.000000 260.000000 190.400000
60.000000 260.000000 168.750000
80.000000 260.000000 200.000000
100.000000 260.000000 180.000000
120.000000 260.000000 180.000000
140.000000 260.000000 195.000000
160.000000 260.000000 190.909091
180.000000 260.000000 198.461538
200.000000 260.000000 200.000000
220.000000 260.000000 207.692308
240.000000 260.000000 181.500000
260.000000 260.000000 210.882353
280.000000 260.000000 202.142857
300.000000 260.000000 187.894737
320.000000 260.000000 214.883721
340.000000 260.000000 211.232877
360.000000 260.000000 213.559322
380.000000 260.000000 216.000000
400.000000 260.000000 206.086957
420.000000 260.000000 204.473684
440.000000 260.000000 200.689655
460.000000 260.000000 200.000000
480.000000 260.000000 199.285714
500.000000 260.000000 197.234043
520.000000 260.000000 195.000000
540.000000 260.000000 194.328358
560.000000 260.000000 200.769231
580.000000 260.000000 202.142857
600.000000 260.000000 187.868852
620.000000 260.000000 198.600000
640.000000 260.000000 196.585366
660.000000 260.000000 191.824818
680.000000 260.000000 195.104895
700.000000 260.000000 192.162162
0.000000 280.000000 192.608696
20.000000 280.000000 195.107914
40.000000 280.000000 197.080292
60.000000 280.000000 194.500000
80.000000 280.000000 197.435897
100.000000 280.000000 192.380952
120.000000 280.000000 195.818182
140.000000 280.000000 181.304348
160.000000 280.000000 195.463918
180.000000 280.000000 195.000000
200.000000 280.000000 196.893204
220.000000 280.000000 193.448276
240.000000 280.000000 197.522124
260.000000 280.000000 198.600000
280.000000 280.000000 187.142857
300.000000 280.000000 285.000000
320.000000 280.000000 219.512195
340.000000 280.000000 207.692308
360.000000 280.000000 202.816901
380.000000 280.000000 209.268293
400.000000 280.000000 210.000000
420.000000 280.000000 220.800000
440.000000 280.000000 198.347107
460.000000 280.000000 196.638655
480.000000 280.000000 193.658537
500.000000 280.000000 198.947368
520.000000 280.000000 197.943925
540.000000 280.000000 203.119266
560.000000 280.000000 200.707965
580.000000 280.000000 198.974359
600.000000 280.000000 198.095238
620.000000 280.000000 198.545455
640.000000 280.000000 199.655172
660.000000 280.000000 196.062992
680.000000 280.000000 201.666667
700.000000 280.000000 196.216216
0.000000 300.000000 174.545455
20.000000 300.000000 204.705882
40.000000 300.000000 199.333333
60.000000 300.000000 200.000000
80.000000 300.000000 199.090909
100.000000 300.000000 202.886598
120.000000 300.000000 201.627907
140.000000 300.000000 195.428571
160.000000 300.000000 203.076923
180.000000 300.000000 201.098901
200.000000 300.000000 195.929204
220.000000 300.000000 196.822430
240.000000 300.000000 194.074074
260.000000 300.000000 178.000000
280.000000 300.000000 249.230769
300.000000 300.000000 0.000000
320.000000 300.000000 255.000000
340.000000 300.000000 219.000000
360.000000 300.000000 215.625000
380.000000 300.000000 211.200000
400.000000 300.000000 226.500000
420.000000 300.000000 241.764706
440.000000 300.000000 203.703704
460.000000 300.000000 188.219178
480.000000 300.000000 199.333333
500.000000 300.000000 206.511628
520.000000 300.000000 198.064516
540.000000 300.000000 201.702128
560.000000 300.000000 202.424242
580.000000 300.000000 202.500000
600.000000 300.000000 201.935484
620.000000 300.000000 200.689655
640.000000 300.000000 202.857143
660.000000 300.000000 200.377358
680.000000 300.000000 203.653846
700.000000 300.000000 201.578947
0.000000 320.000000 198.292683
20.000000 320.000000 144.000000
40.000000 320.000000 183.750000
60.000000 320.000000 174.375000
80.000000 320.000000 202.758621
100.000000 320.000000 210.000000
120.000000 320.000000 182.068966
140.000000 320.000000 132.000000
160.000000 320.000000 184.615385
180.000000 320.000000 182.790698
200.000000 320.000000 180.000000
220.000000 320.000000 176.250000
240.000000 320.000000 204.615385
260.000000 320.000000 195.000000
280.000000 320.000000 173.333333
300.000000 320.000000 180.000000
320.000000 320.000000 217.500000
340.000000 320.000000 228.000000
360.000000 320.000000 215.000000
380.000000 320.000000 219.230769
400.000000 320.000000 212.727273
420.000000 320.000000 351.818182
440.000000 320.000000 205.352113
460.000000 320.000000 205.161290
480.000000 320.000000 202.758621
500.000000 320.000000 200.625000
520.000000 320.000000 200.000000
540.000000 320.000000 202.400000
560.000000 320.000000 207.096774
580.000000 320.000000 206.363636
600.000000 320.000000 210.000000
620.000000 320.000000 206.341463
640.000000 320.000000 209.600000
660.000000 320.000000 187.142857
680.000000 320.000000 209.142857
700.000000 320.000000 204.000000
0.000000 340.000000 0.000000
20.000000 340.000000 150.000000
40.000000 340.000000 185.000000
60.000000 340.000000 182.222222
80.000000 340.000000 201.818182
100.000000 340.000000 187.500000
120.000000 340.000000 180.000000
140.000000 340.000000 180.000000
160.000000 340.000000 206.250000
180.000000 340.000000 174.545455
200.000000 340.000000 300.000000
220.000000 340.000000 192.413793
240.000000 340.000000 202.500000
260.000000 340.000000 196.097561
280.000000 340.000000 188.571429
300.000000 340.000000 203.773585
320.000000 340.000000 212.000000
340.000000 340.000000 210.434783
360.000000 340.000000 219.230769
380.000000 340.000000 205.423729
400.000000 340.000000 206.666667
420.000000 340.000000 333.913043
440.000000 340.000000 195.652174
460.000000 340.000000 195.000000
480.000000 340.000000 200.400000
500.000000 340.000000 191.739130
520.000000 340.000000 199.148936
540.000000 340.000000 205.090909
560.000000 340.000000 206.557377
580.000000 340.000000 196.923077
600.000000 340.000000 180.000000
620.000000 340.000000 191.538462
640.000000 340.000000 206.571429
660.000000 340.000000 209.268293
680.000000 340.000000 182.307692
700.000000 340.000000 206.315789
0.000000 360.000000 168.000000
20.000000 360.000000 190.000000
40.000000 360.000000 205.714286
60.000000 360.000000 168.000000
80.000000 360.000000 199.090909
100.000000 360.000000 180.000000
120.000000 360.000000 50.000000
140.000000 360.000000 180.000000
160.000000 360.000000 177.931034
180.000000 360.000000 175.862069
200.000000 360.000000 170.000000
220.000000 360.000000 190.000000
240.000000 360.000000 173.333333
260.000000 360.000000 192.000000
280.000000 360.000000 193.125000
300.000000 360.000000 180.000000
320.000000 360.000000 202.500000
340.000000 360.000000 16.000000
360.000000 360.000000 35.294118
380.000000 360.000000 48.000000
400.000000 360.000000 227.142857
420.000000 360.000000 201.176471
440.000000 360.000000 280.000000
460.000000 360.000000 150.000000
480.000000 360.000000 240.000000
500.000000 360.000000 300.000000
520.000000 360.000000 0.000000
540.000000 360.000000 0.000000
560.000000 360.000000 0.000000
580.000000 360.000000 0.000000
600.000000 360.000000 0.000000
620.000000 360.000000 0.000000
640.000000 360.000000 0.000000
660.000000 360.000000 0.000000
680.000000 360.000000 0.000000
700.000000 360.000000 0.000000
0.000000 380.000000 216.164384
20.000000 380.000000 200.377358
40.000000 380.000000 203.157895
60.000000 380.000000 214.883721
80.000000 380.000000 208.000000
100.000000 380.000000 208.656716
120.000000 380.000000 212.000000
140.000000 380.000000 20.000000
160.000000 380.000000 0.000000
180.000000 380.000000 0.000000
200.000000 380.000000 330.000000
220.000000 380.000000 192.000000
240.000000 380.000000 206.400000
260.000000 380.000000 195.000000
280.000000 380.000000 150.000000
300.000000 380.000000 0.000000
320.000000 380.000000 0.000000
340.000000 380.000000 245.454545
360.000000 380.000000 213.103448
380.000000 380.000000 221.739130
400.000000 380.000000 180.000000
420.000000 380.000000 0.000000
440.000000 380.000000 0.000000
460.000000 380.000000 165.000000
480.000000 380.000000 180.000000
500.000000 380.000000 240.000000
520.000000 380.000000 195.555556
540.000000 380.000000 192.000000
560.000000 380.000000 0.000000
580.000000 380.000000 300.000000
600.000000 380.000000 210.000000
620.000000 380.000000 0.000000
640.000000 380.000000 0.000000
660.000000 380.000000 0.000000
680.000000 380.000000 0.000000
700.000000 380.000000 0.000000
0.000000 400.000000 22.689076
20.000000 400.000000 20.787402
40.000000 400.000000 22.439024
60.000000 400.000000 22.258065
80.000000 400.000000 16.909091
100.000000 400.000000 15.145631
120.000000 400.000000 17.678571
140.000000 400.000000 19.793814
160.000000 400.000000 21.428571
180.000000 400.000000 21.428571
200.000000 400.000000 21.428571
220.000000 400.000000 18.064516
240.000000 400.000000 18.125000
260.000000 400.000000 18.260870
280.000000 400.000000 18.064516
300.000000 400.000000 17.234043
320.000000 400.000000 19.285714
340.000000 400.000000 23.448276
360.000000 400.000000 24.761905
380.000000 400.000000 21.333333
400.000000 400.000000 20.388350
420.000000 400.000000 10.909091
440.000000 400.000000 13.220339
460.000000 400.000000 1.333333
480.000000 400.000000 7.272727
500.000000 400.000000 5.454545
520.000000 400.000000 12.000000
540.000000 400.000000 0.000000
560.000000 400.000000 354.000000
580.000000 400.000000 0.000000
600.000000 400.000000 0.000000
620.000000 400.000000 356.250000
640.000000 400.000000 356.666667
660.000000 400.000000 340.000000
680.000000 400.000000 335.625000
700.000000 400.000000 353.333333
0.000000 420.000000 20.787402
20.000000 420.000000 19.523810
40.000000 420.000000 20.625000
60.000000 420.000000 18.604651
80.000000 420.000000 18.604651
100.000000 420.000000 15.909091
120.000000 420.000000 15.909091
140.000000 420.000000 15.909091
160.000000 420.000000 18.095238
180.000000 420.000000 22.153846
200.000000 420.000000 17.209302
220.000000 420.000000 17.862595
240.000000 420.000000 15.909091
260.000000 420.000000 14.656489
280.000000 420.000000 14.656489
300.000000 420.000000 17.272727
320.000000 420.000000 19.846154
340.000000 420.000000 16.034483
360.000000 420.000000 19.285714
380.000000 420.000000 16.216216
400.000000 420.000000 20.160000
420.000000 420.000000 17.014925
440.000000 420.000000 17.209302
460.000000 420.000000 18.358209
480.000000 420.000000 17.862595
500.000000 420.000000 19.555556
520.000000 420.000000 19.270073
540.000000 420.000000 18.129496
560.000000 420.000000 19.852941
580.000000 420.000000 20.160000
600.000000 420.000000 19.523810
620.000000 420.000000 18.992806
640.000000 420.000000 17.647059
660.000000 420.000000 22.714286
680.000000 420.000000 17.647059
700.000000 420.000000 21.369863
0.000000 440.000000 18.358209
20.000000 440.000000 17.014925
40.000000 440.000000 16.451613
60.000000 440.000000 18.496241
80.000000 440.000000 17.014925
100.000000 440.000000 20.139860
120.000000 440.000000 20.139860
140.000000 440.000000 19.574468
160.000000 440.000000 22.083333
180.000000 440.000000 20.526316
200.000000 440.000000 19.574468
220.000000 440.000000 20.675676
240.000000 440.000000 20.000000
260.000000 440.000000 21.971831
280.000000 440.000000 19.731544
300.000000 440.000000 16.901408
320.000000 440.000000 11.338583
340.000000 440.000000 22.083333
360.000000 440.000000 11.186441
380.000000 440.000000 21.428571
400.000000 440.000000 13.658537
420.000000 440.000000 15.223881
440.000000 440.000000 18.701299
460.000000 440.000000 18.367347
480.000000 440.000000 20.000000
500.000000 440.000000 19.741935
520.000000 440.000000 19.741935
540.000000 440.000000 20.392157
560.000000 440.000000 18.552632
580.000000 440.000000 21.103448
600.000000 440.000000 19.200000
620.000000 440.000000 20.000000
640.000000 440.000000 20.903226
660.000000 440.000000 20.526316
680.000000 440.000000 20.547945
700.000000 440.000000 22.745098
0.000000 460.000000 20.454545
20.000000 460.000000 18.260870
40.000000 460.000000 20.851064
60.000000 460.000000 21.739130
80.000000 460.000000 21.103448
100.000000 460.000000 21.398601
120.000000 460.000000 19.200000
140.000000 460.000000 20.547945
160.000000 460.000000 20.000000
180.000000 460.000000 19.470199
200.000000 460.000000 19.470199
220.000000 460.000000 20.675676
240.000000 460.000000 19.470199
260.000000 460.000000 19.328859
280.000000 460.000000 19.741935
300.000000 460.000000 20.000000
320.000000 460.000000 19.607843
340.000000 460.000000 15.000000
360.000000 460.000000 12.700730
380.000000 460.000000 12.352941
400.000000 460.000000 22.181818
420.000000 460.000000 17.083333
440.000000 460.000000 19.741935
460.000000 460.000000 19.741935
480.000000 460.000000 19.741935
500.000000 460.000000 20.400000
520.000000 460.000000 19.741935
540.000000 460.000000 19.741935
560.000000 460.000000 19.741935
580.000000 460.000000 18.823529
600.000000 460.000000 21.851852
620.000000 460.000000 19.741935
640.000000 460.000000 20.903226
660.000000 460.000000 20.392157
680.000000 460.000000 20.392157
700.000000 460.000000 20.392157
0.000000 480.000000 20.547945
20.000000 480.000000 21.398601
40.000000 480.000000 22.083333
60.000000 480.000000 20.526316
80.000000 480.000000 21.103448
100.000000 480.000000 20.675676
120.000000 480.000000 20.000000
140.000000 480.000000 18.552632
160.000000 480.000000 20.547945
180.000000 480.000000 20.675676
200.000000 480.000000 19.741935
220.000000 480.000000 19.741935
240.000000 480.000000 20.526316
260.000000 480.000000 19.741935
280.000000 480.000000 19.741935
300.000000 480.000000 18.701299
320.000000 480.000000 20.000000
340.000000 480.000000 18.552632
360.000000 480.000000 18.088235
380.000000 480.000000 18.193548
400.000000 480.000000 20.124224
420.000000 480.000000 20.903226
440.000000 480.000000 18.823529
460.000000 480.000000 20.392157
480.000000 480.000000 20.254777
500.000000 480.000000 19.741935
520.000000 480.000000 18.823529
540.000000 480.000000 19.741935
560.000000 480.000000 19.746835
580.000000 480.000000 20.392157
600.000000 480.000000 19.746835
620.000000 480.000000 20.903226
640.000000 480.000000 20.625000
660.000000 480.000000 20.254777
680.000000 480.000000 18.823529
700.000000 480.000000 20.254777
0.000000 500.000000 21.103448
20.000000 500.000000 21.200000
40.000000 500.000000 22.745098
60.000000 500.000000 21.923077
80.000000 500.000000 20.675676
100.000000 500.000000 20.000000
120.000000 500.000000 20.000000
140.000000 500.000000 19.741935
160.000000 500.000000 21.710526
180.000000 500.000000 20.392157
200.000000 500.000000 19.741935
220.000000 500.000000 19.741935
240.000000 500.000000 20.392157
260.000000 500.000000 19.741935
280.000000 500.000000 19.741935
300.000000 500.000000 19.731544
320.000000 500.000000 9.230769
340.000000 500.000000 18.039216
360.000000 500.000000 24.264706
380.000000 500.000000 21.710526
400.000000 500.000000 23.312102
420.000000 500.000000 21.428571
440.000000 500.000000 20.754717
460.000000 500.000000 19.741935
480.000000 500.000000 20.625000
500.000000 500.000000 21.851852
520.000000 500.000000 20.254777
540.000000 500.000000 21.851852
560.000000 500.000000 20.754717
580.000000 500.000000 21.428571
600.000000 500.000000 19.746835
620.000000 500.000000 20.254777
640.000000 500.000000 22.634731
660.000000 500.000000 21.401274
680.000000 500.000000 19.230769
700.000000 500.000000 21.401274
0.000000 520.000000 20.675676
20.000000 520.000000 18.206897
40.000000 520.000000 21.103448
60.000000 520.000000 20.526316
80.000000 520.000000 20.816327
100.000000 520.000000 19.741935
120.000000 520.000000 19.741935
140.000000 520.000000 20.392157
160.000000 520.000000 21.710526
180.000000 520.000000 20.903226
200.000000 520.000000 19.741935
220.000000 520.000000 19.741935
240.000000 520.000000 19.741935
260.000000 520.000000 19.741935
280.000000 520.000000 19.741935
300.000000 520.000000 19.230769
320.000000 520.000000 14.730539
340.000000 520.000000 19.701493
360.000000 520.000000 19.555556
380.000000 520.000000 20.816327
400.000000 520.000000 18.193548
420.000000 520.000000 20.625000
440.000000 520.000000 20.625000
460.000000 520.000000 19.746835
480.000000 520.000000 22.682927
500.000000 520.000000 20.124224
520.000000 520.000000 19.230769
540.000000 520.000000 23.780488
560.000000 520.000000 19.230769
580.000000 520.000000 19.746835
600.000000 520.000000 19.622642
620.000000 520.000000 22.500000
640.000000 520.000000 19.746835
660.000000 520.000000 22.405063
680.000000 520.000000 22.405063
700.000000 520.000000 20.754717
0.000000 540.000000 18.193548
20.000000 540.000000 20.675676
40.000000 540.000000 18.039216
60.000000 540.000000 20.392157
80.000000 540.000000 21.923077
100.000000 540.000000 19.741935
120.000000 540.000000 19.741935
140.000000 540.000000 19.230769
160.000000 540.000000 19.622642
180.000000 540.000000 20.254777
200.000000 540.000000 19.741935
220.000000 540.000000 19.741935
240.000000 540.000000 19.741935
260.000000 540.000000 20.392157
280.000000 540.000000 22.181818
300.000000 540.000000 20.392157
320.000000 540.000000 20.000000
340.000000 540.000000 17.622378
360.000000 540.000000 18.823529
380.000000 540.000000 24.084507
400.000000 540.000000 22.556391
420.000000 540.000000 20.625000
440.000000 540.000000 21.111111
460.000000 540.000000 23.780488
480.000000 540.000000 24.727273
500.000000 540.000000 19.509202
520.000000 540.000000 21.614907
540.000000 540.000000 22.682927
560.000000 540.000000 21.614907
580.000000 540.000000 19.746835
600.000000 540.000000 19.622642
620.000000 540.000000 20.124224
640.000000 540.000000 20.613497
660.000000 540.000000 21.200000
680.000000 540.000000 21.710526
700.000000 540.000000 21.710526
0.000000 560.000000 24.000000
20.000000 560.000000 20.903226
40.000000 560.000000 19.230769
60.000000 560.000000 19.746835
80.000000 560.000000 19.741935
100.000000 560.000000 22.181818
120.000000 560.000000 19.746835
140.000000 560.000000 21.614907
160.000000 560.000000 22.264151
180.000000 560.000000 20.254777
200.000000 560.000000 20.613497
220.000000 560.000000 20.254777
240.000000 560.000000 19.746835
260.000000 560.000000 21.401274
280.000000 560.000000 23.018868
300.000000 560.000000 18.552632
320.000000 560.000000 9.000000
340.000000 560.000000 18.823529
360.000000 560.000000 22.727273
380.000000 560.000000 17.435897
400.000000 560.000000 20.434783
420.000000 560.000000 21.401274
440.000000 560.000000 23.132530
460.000000 560.000000 23.132530
480.000000 560.000000 22.634731
500.000000 560.000000 22.634731
520.000000 560.000000 22.941176
540.000000 560.000000 23.132530
560.000000 560.000000 22.682927
580.000000 560.000000 24.142012
600.000000 560.000000 22.181818
620.000000 560.000000 20.754717
640.000000 560.000000 21.686747
660.000000 560.000000 22.745098
680.000000 560.000000 24.413793
700.000000 560.000000 24.888889
0.000000 580.000000 20.903226
20.000000 580.000000 22.500000
40.000000 580.000000 19.230769
60.000000 580.000000 19.746835
80.000000 580.000000 19.741935
100.000000 580.000000 20.613497
120.000000 580.000000 22.634731
140.000000 580.000000 21.614907
160.000000 580.000000 21.349693
180.000000 580.000000 21.111111
200.000000 580.000000 21.614907
220.000000 580.000000 22.500000
240.000000 580.000000 22.682927
260.000000 580.000000 22.962963
280.000000 580.000000 20.602410
300.000000 580.000000 21.851852
320.000000 580.000000 18.926174
340.000000 580.000000 19.270073
360.000000 580.000000 17.480315
380.000000 580.000000 20.787402
400.000000 580.000000 21.428571
420.000000 580.000000 22.325581
440.000000 580.000000 22.682927
460.000000 580.000000 22.682927
480.000000 580.000000 21.349693
500.000000 580.000000 21.686747
520.000000 580.000000 23.132530
540.000000 580.000000 23.647059
560.000000 580.000000 20.675676
580.000000 580.000000 22.181818
600.000000 580.000000 22.500000
620.000000 580.000000 20.254777
640.000000 580.000000 23.780488
660.000000 580.000000 23.780488
680.000000 580.000000 20.613497
700.000000 580.000000 21.401274
0.000000 600.000000 23.108108
20.000000 600.000000 21.428571
40.000000 600.000000 22.987013
60.000000 600.000000 20.625000
80.000000 600.000000 20.124224
100.000000 600.000000 18.701299
120.000000 600.000000 20.613497
140.000000 600.000000 21.349693
160.000000 600.000000 19.741935
180.000000 600.000000 18.701299
200.000000 600.000000 21.349693
220.000000 600.000000 24.216867
240.000000 600.000000 21.349693
260.000000 600.000000 22.181818
280.000000 600.000000 21.111111
300.000000 600.000000 22.634731
320.000000 600.000000 19.014085
340.000000 600.000000 21.891892
360.000000 600.000000 23.612903
380.000000 600.000000 19.852941
400.000000 600.000000 13.023256
420.000000 600.000000 22.941176
440.000000 600.000000 23.780488
460.000000 600.000000 23.571429
480.000000 600.000000 20.754717
500.000000 600.000000 20.754717
520.000000 600.000000 22.941176
540.000000 600.000000 21.111111
560.000000 600.000000 19.230769
580.000000 600.000000 21.111111
600.000000 600.000000 22.682927
620.000000 600.000000 23.780488
640.000000 600.000000 21.851852
660.000000 600.000000 24.216867
680.000000 600.000000 22.264151
700.000000 600.000000 21.614907
0.000000 620.000000 23.108108
20.000000 620.000000 23.649635
40.000000 620.000000 21.401274
60.000000 620.000000 21.111111
80.000000 620.000000 20.754717
100.000000 620.000000 21.686747
120.000000 620.000000 21.071429
140.000000 620.000000 21.349693
160.000000 620.000000 22.634731
180.000000 620.000000 21.111111
200.000000 620.000000 22.181818
220.000000 620.000000 20.754717
240.000000 620.000000 20.602410
260.000000 620.000000 21.686747
280.000000 620.000000 21.219512
300.000000 620.000000 19.746835
320.000000 620.000000 17.622378
340.000000 620.000000 19.731544
360.000000 620.000000 19.014085
380.000000 620.000000 19.555556
400.000000 620.000000 18.823529
420.000000 620.000000 23.132530
440.000000 620.000000 23.132530
460.000000 620.000000 23.571429
480.000000 620.000000 22.682927
500.000000 620.000000 22.500000
520.000000 620.000000 21.851852
540.000000 620.000000 21.851852
560.000000 620.000000 21.219512
580.000000 620.000000 24.216867
600.000000 620.000000 23.132530
620.000000 620.000000 21.349693
640.000000 620.000000 22.181818
660.000000 620.000000 23.571429
680.000000 620.000000 21.349693
700.000000 620.000000 23.431953
0.000000 640.000000 25.555556
20.000000 640.000000 19.006211
40.000000 640.000000 22.264151
60.000000 640.000000 21.851852
80.000000 640.000000 23.431953
100.000000 640.000000 22.634731
120.000000 640.000000 22.682927
140.000000 640.000000 22.682927
160.000000 640.000000 22.181818
180.000000 640.000000 21.349693
200.000000 640.000000 21.111111
220.000000 640.000000 19.230769
240.000000 640.000000 19.746835
260.000000 640.000000 23.132530
280.000000 640.000000 22.405063
300.000000 640.000000 21.219512
320.000000 640.000000 20.000000
340.000000 640.000000 18.600000
360.000000 640.000000 22.258065
380.000000 640.000000 19.574468
400.000000 640.000000 19.448276
420.000000 640.000000 21.349693
440.000000 640.000000 23.132530
460.000000 640.000000 21.851852
480.000000 640.000000 23.571429
500.000000 640.000000 23.926380
520.000000 640.000000 23.780488
540.000000 640.000000 23.132530
560.000000 640.000000 24.216867
580.000000 640.000000 23.571429
600.000000 640.000000 23.132530
620.000000 640.000000 24.142012
640.000000 640.000000 21.375000
660.000000 640.000000 23.571429
680.000000 640.000000 22.181818
700.000000 640.000000 24.939759
0.000000 660.000000 24.840764
20.000000 660.000000 19.741935
40.000000 660.000000 20.254777
60.000000 660.000000 21.851852
80.000000 660.000000 21.851852
100.000000 660.000000 20.392157
120.000000 660.000000 22.962963
140.000000 660.000000 23.132530
160.000000 660.000000 21.614907
180.000000 660.000000 21.349693
200.000000 660.000000 21.349693
220.000000 660.000000 20.625000
240.000000 660.000000 23.431953
260.000000 660.000000 22.682927
280.000000 660.000000 22.142857
300.000000 660.000000 19.746835
320.000000 660.000000 17.272727
340.000000 660.000000 2.884615
360.000000 660.000000 19.672131
380.000000 660.000000 9.557522
400.000000 660.000000 15.294118
420.000000 660.000000 19.555556
440.000000 660.000000 20.000000
460.000000 660.000000 17.671233
480.000000 660.000000 17.027027
500.000000 660.000000 24.431138
520.000000 660.000000 21.614907
540.000000 660.000000 22.682927
560.000000 660.000000 23.132530
580.000000 660.000000 22.405063
600.000000 660.000000 23.571429
620.000000 660.000000 25.479452
640.000000 660.000000 22.264151
660.000000 660.000000 20.254777
680.000000 660.000000 20.754717
700.000000 660.000000 17.142857
0.000000 680.000000 21.851852
20.000000 680.000000 19.741935
40.000000 680.000000 20.625000
60.000000 680.000000 21.349693
80.000000 680.000000 21.349693
100.000000 680.000000 21.614907
120.000000 680.000000 22.181818
140.000000 680.000000 21.401274
160.000000 680.000000 21.851852
180.000000 680.000000 21.428571
200.000000 680.000000 20.363636
220.000000 680.000000 24.216867
240.000000 680.000000 22.682927
260.000000 680.000000 21.111111
280.000000 680.000000 10.084034
300.000000 680.000000 20.754717
320.000000 680.000000 15.789474
340.000000 680.000000 17.872340
360.000000 680.000000 16.229508
380.000000 680.000000 18.125000
400.000000 680.000000 20.454545
420.000000 680.000000 21.428571
440.000000 680.000000 17.622378
460.000000 680.000000 20.139860
480.000000 680.000000 22.083333
500.000000 680.000000 21.923077
520.000000 680.000000 24.150943
540.000000 680.000000 27.761194
560.000000 680.000000 21.614907
580.000000 680.000000 22.264151
600.000000 680.000000 20.392157
620.000000 680.000000 19.731544
640.000000 680.000000 19.166667
660.000000 680.000000 22.031250
680.000000 680.000000 20.392157
700.000000 680.000000 34.153846
0.000000 700.000000 20.903226
20.000000 700.000000 11.404959
40.000000 700.000000 22.500000
60.000000 700.000000 21.349693
80.000000 700.000000 19.230769
100.000000 700.000000 23.612903
120.000000 700.000000 21.111111
140.000000 700.000000 21.111111
160.000000 700.000000 21.401274
180.000000 700.000000 19.622642
200.000000 700.000000 23.647059
220.000000 700.000000 24.142012
240.000000 700.000000 23.431953
260.000000 700.000000 23.132530
280.000000 700.000000 23.431953
300.000000 700.000000 20.254777
320.000000 700.000000 23.132530
340.000000 700.000000 22.941176
360.000000 700.000000 22.634731
380.000000 700.000000 23.926380
400.000000 700.000000 22.181818
420.000000 700.000000 19.731544
440.000000 700.000000 16.240602
460.000000 700.000000 21.428571
480.000000 700.000000 20.000000
500.000000 700.000000 18.775510
520.000000 700.000000 21.375000
540.000000 700.000000 17.083333
560.000000 700.000000 19.731544
580.000000 700.000000 20.851064
600.000000 700.000000 21.398601
620.000000 700.000000 20.526316
640.000000 700.000000 19.006211
660.000000 700.000000 15.328467
680.000000 700.000000 18.243243
700.000000 700.000000 18.701299
