0.018108 0.856385
0.018732 0.853263
0.018732 0.853887
0.019669 0.854824
0.020293 0.852326
0.020606 0.852014
0.021230 0.855760
0.021542 0.858258
0.021855 0.858570
0.022167 0.853887
0.022479 0.848892
0.023103 0.847018
0.023103 0.847331
0.023416 0.851702
0.023728 0.846394
0.024040 0.845457
0.024352 0.845457
0.024352 0.859819
0.024664 0.852950
0.024977 0.852014
0.025913 0.856072
0.026225 0.848579
0.026538 0.842023
0.026538 0.847331
0.026538 0.852014
0.026850 0.860756
0.027162 0.852950
0.027474 0.858882
0.027786 0.853575
0.027786 0.856697
0.028411 0.861692
0.028723 0.857321
0.028723 0.859819
0.029035 0.857633
0.029347 0.862004
0.029347 0.862317
0.030909 0.846082
0.030909 0.849516
0.031533 0.867936
0.031845 0.847018
0.032157 0.859507
0.032157 0.863565
0.032782 0.857321
0.032782 0.865751
0.033094 0.845770
0.033406 0.845770
0.033406 0.850140
0.033406 0.861692
0.033406 0.865751
0.033718 0.846394
0.034655 0.855448
0.034967 0.848267
0.035279 0.839838
0.035279 0.852638
0.035592 0.839838
0.035592 0.854199
0.035904 0.840150
0.035904 0.848267
0.035904 0.852326
0.036216 0.840150
0.036528 0.847018
0.036528 0.852014
0.036840 0.851077
0.037777 0.841086
0.037777 0.857633
0.038401 0.841711
0.039026 0.855760
0.041524 0.850453
0.041836 0.847331
0.041836 0.850453
0.042772 0.843896
0.042772 0.873868
0.043397 0.844209
0.045270 0.451452
0.045270 0.471745
0.045582 0.445832
0.045582 0.474243
0.045582 0.875429
0.046207 0.455823
0.046207 0.485482
0.046207 0.843584
0.046519 0.436466
0.046519 0.488917
0.046831 0.433968
0.046831 0.491414
0.047143 0.430534
0.047143 0.876366
0.047456 0.876366
0.047768 0.426163
0.047768 0.849828
0.048080 0.437715
0.048080 0.450515
0.048080 0.451140
0.048080 0.497658
0.048392 0.421480
0.048392 0.437715
0.048392 0.442710
0.048392 0.443022
0.048392 0.447081
0.048392 0.447393
0.048704 0.419607
0.049017 0.417421
0.049017 0.876990
0.049641 0.843896
0.050265 0.507961
0.050265 0.508586
0.050265 0.851077
0.050890 0.510459
0.050890 0.878239
0.051202 0.406806
0.051514 0.405245
0.051514 0.513269
0.052451 0.400874
0.053387 0.846082
0.053387 0.852950
0.053700 0.516703
0.054012 0.520762
0.054636 0.391820
0.054636 0.392445
0.054636 0.522011
0.054636 0.853263
0.054948 0.522947
0.055261 0.853575
0.055573 0.847331
0.055885 0.519201
0.055885 0.847331
0.055885 0.854199
0.055885 0.881049
0.056197 0.519513
0.056197 0.526694
0.056197 0.853263
0.056822 0.384015
0.056822 0.522011
0.056822 0.522635
0.056822 0.854511
0.057134 0.451764
0.057134 0.452388
0.057134 0.452701
0.057134 0.460818
0.057134 0.521698
0.057134 0.529191
0.057446 0.461755
0.057446 0.467062
0.057446 0.472994
0.057446 0.473618
0.057446 0.524196
0.057446 0.530128
0.057446 0.848267
0.057446 0.854199
0.057446 0.881673
0.057758 0.379956
0.057758 0.438963
0.057758 0.848579
0.058071 0.436154
0.058071 0.436778
0.058071 0.855448
0.058071 0.881986
0.058383 0.433032
0.058383 0.480487
0.058695 0.431470
0.058695 0.484858
0.059007 0.375898
0.059007 0.849204
0.059319 0.375585
0.059632 0.489853
0.059632 0.856072
0.059944 0.420855
0.060256 0.418046
0.060256 0.529191
0.060256 0.849828
0.060256 0.856385
0.060880 0.414611
0.060880 0.415236
0.061193 0.368717
0.061193 0.413050
0.061817 0.366844
0.061817 0.850765
0.062129 0.850765
0.062441 0.541055
0.062441 0.850765
0.063066 0.505776
0.063066 0.851389
0.063378 0.506088
0.064002 0.508273
0.064627 0.852014
0.064939 0.395879
0.065251 0.357165
0.065251 0.357477
0.065564 0.547299
0.065876 0.355292
0.065876 0.355604
0.065876 0.514205
0.066812 0.549485
0.066812 0.859507
0.067125 0.859819
0.067749 0.385264
0.067749 0.860131
0.068061 0.349048
0.068373 0.519825
0.068998 0.379644
0.068998 0.553544
0.069310 0.379020
0.069934 0.376522
0.069934 0.861068
0.070247 0.343740
0.070247 0.344365
0.070871 0.525445
0.070871 0.556041
0.071183 0.526069
0.071495 0.527318
0.071808 0.557914
0.071808 0.877303
0.071808 0.877615
0.072120 0.558539
0.072432 0.339369
0.072432 0.857009
0.072432 0.881049
0.072744 0.338121
0.073681 0.862941
0.073681 0.875117
0.073681 0.879800
0.073993 0.364658
0.073993 0.561037
0.074618 0.362160
0.074618 0.362473
0.074618 0.562285
0.074618 0.877303
0.074930 0.884796
0.075554 0.359975
0.075554 0.885108
0.075866 0.332813
0.075866 0.563846
0.075866 0.876990
0.076491 0.564783
0.076491 0.565095
0.076491 0.875741
0.077115 0.330003
0.077427 0.329379
0.077740 0.328442
0.077740 0.354355
0.077740 0.865439
0.078052 0.352794
0.078052 0.353419
0.078052 0.865439
0.078364 0.352170
0.078364 0.352482
0.078364 0.567593
0.078988 0.350297
0.078988 0.541055
0.078988 0.568842
0.078988 0.865751
0.078988 0.872619
0.078988 0.886981
0.079301 0.569154
0.079613 0.348736
0.079613 0.349360
0.079613 0.541992
0.079613 0.866375
0.079613 0.868873
0.079925 0.325320
0.079925 0.570091
0.079925 0.868561
0.080237 0.867312
0.080549 0.323759
0.081798 0.876054
0.082735 0.546987
0.083047 0.320012
0.083047 0.574149
0.083359 0.320012
0.083984 0.339369
0.083984 0.576022
0.084920 0.576959
0.085545 0.577896
0.085857 0.551670
0.086169 0.315642
0.086169 0.890727
0.086481 0.866375
0.086794 0.334374
0.087418 0.313768
0.087418 0.333437
0.087418 0.553544
0.087418 0.554168
0.087418 0.891352
0.087730 0.313456
0.087730 0.875117
0.088355 0.313144
0.089916 0.557602
0.089916 0.892601
0.090228 0.876366
0.090540 0.876366
0.090852 0.327193
0.090852 0.893225
0.091165 0.558851
0.091477 0.893537
0.092413 0.307524
0.092726 0.307212
0.092726 0.869810
0.092726 0.870122
0.093038 0.880112
0.093350 0.894162
0.093662 0.894474
0.095223 0.575086
0.095223 0.871371
0.095535 0.879800
0.096472 0.317203
0.096784 0.871995
0.097096 0.882610
0.097096 0.889791
0.097721 0.888854
0.098033 0.893537
0.098658 0.593818
0.099282 0.315329
0.099282 0.883234
0.099906 0.595379
0.099906 0.880737
0.099906 0.894474
0.100531 0.312207
0.100531 0.883234
0.100531 0.883859
0.100843 0.311583
0.101155 0.313144
0.101155 0.313456
0.101155 0.874180
0.101155 0.881986
0.101467 0.297846
0.101780 0.312520
0.101780 0.596940
0.101780 0.597253
0.102092 0.311895
0.102092 0.312207
0.102092 0.884483
0.103028 0.310958
0.103028 0.596940
0.103028 0.598501
0.103341 0.308773
0.103341 0.896035
0.103653 0.308461
0.103965 0.308149
0.103965 0.308461
0.104589 0.885732
0.104902 0.294411
0.104902 0.599126
0.104902 0.600687
0.105838 0.293787
0.105838 0.306275
0.106150 0.886669
0.106775 0.305339
0.106775 0.897596
0.107087 0.588511
0.107087 0.589760
0.107087 0.886981
0.107399 0.306275
0.107399 0.603185
0.108336 0.603809
0.108648 0.880737
0.108960 0.304402
0.109273 0.290665
0.109273 0.581018
0.109273 0.881049
0.109897 0.303466
0.109897 0.881361
0.110521 0.289416
0.110521 0.289728
0.111146 0.582579
0.111146 0.889166
0.111458 0.882610
0.111458 0.889166
0.111458 0.899469
0.111770 0.300656
0.113019 0.287543
0.113019 0.595067
0.113331 0.594755
0.113643 0.594443
0.113643 0.609741
0.114268 0.286606
0.114268 0.299407
0.114268 0.586013
0.114580 0.299407
0.114892 0.610677
0.115829 0.587574
0.116141 0.296597
0.116141 0.884796
0.116141 0.891040
0.116453 0.297846
0.116766 0.599126
0.117078 0.612551
0.117078 0.885108
0.117078 0.891664
0.117390 0.284421
0.117390 0.891976
0.118014 0.284109
0.118014 0.589760
0.118951 0.591008
0.119575 0.602248
0.119575 0.892913
0.120200 0.282860
0.120200 0.294411
0.120200 0.591945
0.120200 0.602872
0.120824 0.893225
0.121449 0.904152
0.122073 0.291602
0.122073 0.887918
0.122073 0.893850
0.122385 0.604121
0.122385 0.617546
0.122385 0.894162
0.122385 0.904465
0.123010 0.617546
0.123010 0.888542
0.123634 0.280362
0.123946 0.280050
0.124571 0.905401
0.125195 0.279113
0.125195 0.606931
0.125507 0.889791
0.125820 0.289104
0.125820 0.596940
0.126132 0.278489
0.126444 0.895411
0.126756 0.288480
0.127381 0.277865
0.127381 0.890727
0.128629 0.287231
0.129254 0.622854
0.130190 0.623790
0.131127 0.611614
0.131751 0.892913
0.132064 0.898220
0.133000 0.285670
0.133313 0.625976
0.133937 0.273806
0.133937 0.603809
0.133937 0.909148
0.134249 0.604433
0.134249 0.626600
0.134249 0.893850
0.134874 0.894162
0.136122 0.283796
0.136122 0.910084
0.136435 0.272557
0.137371 0.283172
0.137371 0.625976
0.137683 0.606931
0.137996 0.271933
0.137996 0.282860
0.137996 0.606931
0.137996 0.626288
0.138308 0.896035
0.138932 0.282235
0.140181 0.627849
0.140493 0.619732
0.141118 0.897284
0.141430 0.280987
0.141430 0.619107
0.141742 0.620668
0.141742 0.631595
0.142054 0.631908
0.142367 0.632220
0.142367 0.912582
0.142679 0.629410
0.142679 0.629722
0.143303 0.902904
0.143928 0.268810
0.143928 0.622229
0.144240 0.622229
0.144240 0.913206
0.144864 0.631283
0.145176 0.631595
0.145176 0.903528
0.145489 0.278489
0.145489 0.633781
0.145489 0.903840
0.146113 0.267562
0.146113 0.277865
0.146113 0.634093
0.146425 0.914455
0.146737 0.904465
0.147674 0.904465
0.148298 0.624727
0.148298 0.635342
0.148298 0.635654
0.149547 0.615361
0.149547 0.624415
0.150172 0.624727
0.150796 0.626288
0.151108 0.905713
0.151421 0.616297
0.151421 0.637527
0.151421 0.906026
0.152357 0.616922
0.152669 0.626288
0.152982 0.626600
0.153294 0.627849
0.153918 0.617858
0.153918 0.628161
0.154855 0.628473
0.155167 0.262879
0.155479 0.639401
0.155479 0.903216
0.155791 0.639713
0.156104 0.907587
0.157352 0.261942
0.157352 0.271933
0.157977 0.271620
0.157977 0.620356
0.157977 0.630347
0.158601 0.904465
0.158914 0.630659
0.159226 0.270996
0.159538 0.620980
0.159538 0.629722
0.159538 0.630971
0.159538 0.904777
0.160162 0.641898
0.162036 0.642523
0.162348 0.641274
0.162348 0.909772
0.162972 0.622854
0.163284 0.259444
0.163909 0.632220
0.164221 0.258820
0.164221 0.910397
0.165158 0.920075
0.165470 0.642835
0.165782 0.624102
0.165782 0.644396
0.166094 0.633156
0.166094 0.644396
0.166094 0.910709
0.166719 0.267874
0.167343 0.257571
0.167655 0.643771
0.167655 0.645020
0.167655 0.911333
0.167968 0.633781
0.167968 0.911333
0.168904 0.911645
0.169529 0.645957
0.170465 0.625976
0.171090 0.626600
0.171402 0.635342
0.171402 0.636591
0.171714 0.921636
0.172026 0.636903
0.172651 0.265376
0.173275 0.627224
0.173587 0.255073
0.173587 0.265064
0.174212 0.912894
0.174212 0.922260
0.174524 0.264752
0.175148 0.638152
0.176397 0.913206
0.177022 0.647206
0.177022 0.922573
0.178270 0.263191
0.178895 0.649391
0.179207 0.638152
0.179519 0.629722
0.179831 0.252888
0.179831 0.630034
0.180456 0.262254
0.180768 0.646894
0.181080 0.647206
0.182329 0.923509
0.182641 0.910709
0.183266 0.251327
0.183578 0.640962
0.183890 0.631283
0.183890 0.648767
0.184515 0.911021
0.184827 0.640025
0.185763 0.651577
0.186388 0.911333
0.187012 0.632220
0.187012 0.911333
0.188261 0.914767
0.189510 0.249454
0.190134 0.489541
0.190134 0.651577
0.190134 0.652513
0.190446 0.479238
0.190446 0.911958
0.190759 0.473306
0.191071 0.469872
0.191071 0.470184
0.191071 0.508586
0.191383 0.465813
0.191383 0.643459
0.191695 0.463316
0.192007 0.459569
0.192320 0.457384
0.192320 0.633781
0.192320 0.653138
0.192632 0.519825
0.193256 0.522635
0.193256 0.924758
0.193569 0.634093
0.193569 0.644084
0.194193 0.257883
0.194193 0.442398
0.194193 0.527006
0.194193 0.924758
0.194817 0.644396
0.194817 0.653762
0.194817 0.912582
0.194817 0.924758
0.195130 0.436154
0.195130 0.912582
0.195442 0.247580
0.195442 0.432719
0.195442 0.634717
0.195754 0.534187
0.195754 0.534499
0.196066 0.535748
0.196378 0.536060
0.196691 0.256947
0.196691 0.635030
0.196691 0.924758
0.197003 0.423665
0.197003 0.423978
0.197315 0.246956
0.197315 0.421792
0.197627 0.256947
0.197627 0.420231
0.197627 0.653450
0.197939 0.418046
0.198252 0.246644
0.198564 0.413362
0.198564 0.912894
0.198876 0.412738
0.199188 0.410553
0.200125 0.491102
0.200125 0.492975
0.200125 0.548860
0.200125 0.635966
0.200437 0.402435
0.200437 0.478302
0.200437 0.484546
0.200437 0.494224
0.200437 0.496097
0.200749 0.476741
0.200749 0.502966
0.200749 0.503590
0.200749 0.504527
0.201062 0.469872
0.201062 0.470809
0.201062 0.912894
0.201998 0.460506
0.201998 0.461130
0.201998 0.512957
0.201998 0.636278
0.201998 0.644708
0.202310 0.255698
0.202310 0.556666
0.202310 0.913206
0.202623 0.454886
0.202623 0.455823
0.202623 0.515766
0.202935 0.518889
0.202935 0.558227
0.203247 0.636591
0.203247 0.646269
0.203247 0.913206
0.203559 0.385888
0.203559 0.915704
0.204184 0.383078
0.204184 0.445832
0.204184 0.561973
0.204184 0.925070
0.204496 0.442086
0.205120 0.377771
0.205120 0.646581
0.205432 0.376210
0.205432 0.435529
0.205432 0.436466
0.205745 0.530440
0.206057 0.254761
0.206057 0.432095
0.206369 0.645645
0.206369 0.913206
0.206993 0.426787
0.206993 0.570091
0.206993 0.645645
0.207306 0.368405
0.207306 0.369029
0.207930 0.537621
0.207930 0.913206
0.207930 0.916016
0.208242 0.364970
0.208242 0.538558
0.208242 0.647518
0.208242 0.913206
0.208554 0.416485
0.208554 0.539182
0.208554 0.539806
0.208867 0.414611
0.208867 0.416172
0.208867 0.645957
0.208867 0.656884
0.210116 0.358726
0.210428 0.579457
0.210740 0.253825
0.210740 0.404621
0.211052 0.581330
0.211364 0.243522
0.211364 0.253825
0.211677 0.400874
0.211989 0.550109
0.211989 0.924758
0.212301 0.638464
0.212301 0.646581
0.212925 0.646581
0.212925 0.913206
0.213238 0.913206
0.213238 0.915704
0.213550 0.638464
0.213550 0.913206
0.213862 0.555105
0.213862 0.657821
0.214174 0.648455
0.215000 0.390000
0.215111 0.242897
0.215423 0.647206
0.215423 0.657821
0.215735 0.593194
0.216047 0.346862
0.216047 0.594443
0.216047 0.638776
0.216360 0.242585
0.216360 0.342804
0.216360 0.346550
0.216360 0.377459
0.216672 0.915392
0.216984 0.252888
0.216984 0.915392
0.217608 0.564783
0.217608 0.598189
0.217608 0.912894
0.217608 0.915392
0.217921 0.599126
0.218233 0.649079
0.218233 0.658133
0.218857 0.368092
0.219170 0.569466
0.219170 0.658445
0.219794 0.336872
0.219794 0.364346
0.219794 0.364658
0.219794 0.365283
0.219794 0.647518
0.220106 0.333437
0.220106 0.363722
0.220106 0.639401
0.220418 0.333125
0.220418 0.639713
0.220731 0.362160
0.221043 0.605994
0.221043 0.914767
0.221355 0.241961
0.221355 0.359975
0.221667 0.333125
0.221667 0.358414
0.221667 0.359038
0.221979 0.329691
0.221979 0.647830
0.222292 0.331564
0.222292 0.647830
0.222292 0.912582
0.222604 0.602872
0.222916 0.923821
0.223228 0.604121
0.223228 0.611302
0.223228 0.611614
0.223228 0.923821
0.223540 0.329379
0.223540 0.580393
0.223540 0.639713
0.223853 0.328442
0.223853 0.605994
0.224165 0.640025
0.224477 0.606931
0.224789 0.326881
0.224789 0.582891
0.225101 0.607868
0.225414 0.241336
0.225414 0.640025
0.225726 0.923509
0.226038 0.648142
0.226350 0.251951
0.226350 0.586638
0.226350 0.610365
0.226663 0.320949
0.226975 0.320637
0.226975 0.344365
0.227287 0.322510
0.227287 0.914143
0.227599 0.241336
0.227599 0.251951
0.227911 0.318451
0.228536 0.622854
0.229472 0.318139
0.229472 0.625039
0.229472 0.640337
0.229472 0.648455
0.229785 0.594131
0.230097 0.595067
0.230097 0.659694
0.230097 0.913831
0.230409 0.314705
0.230409 0.315017
0.230409 0.336247
0.230409 0.336559
0.230721 0.241024
0.230721 0.596004
0.231033 0.315642
0.231346 0.640649
0.231970 0.241024
0.232282 0.314081
0.232282 0.332189
0.232282 0.640649
0.232282 0.642210
0.232282 0.642523
0.232594 0.631283
0.232907 0.330628
0.232907 0.650640
0.233531 0.644396
0.233843 0.922260
0.234155 0.634405
0.234468 0.327505
0.234468 0.647206
0.235092 0.240712
0.235404 0.308773
0.235717 0.606619
0.235717 0.640962
0.235717 0.650952
0.235717 0.921636
0.236965 0.650952
0.237278 0.323135
0.237278 0.649079
0.237590 0.610053
0.237590 0.912270
0.237902 0.304402
0.237902 0.321574
0.237902 0.610677
0.237902 0.921324
0.238214 0.306275
0.238214 0.642210
0.238526 0.303778
0.239775 0.614424
0.239775 0.626912
0.239775 0.649079
0.241024 0.300968
0.241336 0.617546
0.241336 0.630347
0.241648 0.300343
0.241961 0.618483
0.241961 0.649703
0.242585 0.909148
0.243209 0.649391
0.243209 0.649703
0.243209 0.910709
0.243834 0.910709
0.244146 0.312207
0.244146 0.635966
0.244458 0.241024
0.244771 0.296909
0.244771 0.623790
0.244771 0.650016
0.245083 0.651577
0.245083 0.660631
0.245395 0.296285
0.245395 0.625039
0.245395 0.638152
0.245707 0.651577
0.246019 0.251951
0.246019 0.297534
0.246332 0.625976
0.246956 0.297221
0.246956 0.308461
0.246956 0.910084
0.247268 0.296285
0.247268 0.308149
0.247268 0.628473
0.247580 0.652201
0.248517 0.293475
0.248517 0.630034
0.248829 0.294724
0.249141 0.643147
0.249141 0.649391
0.249454 0.252576
0.250078 0.305339
0.250078 0.632844
0.250078 0.649079
0.250390 0.661255
0.250702 0.252576
0.250702 0.665938
0.251015 0.666563
0.251015 0.908523
0.251327 0.241648
0.251327 0.647830
0.251327 0.664377
0.251639 0.663441
0.252264 0.664065
0.252576 0.252888
0.252888 0.669997
0.253512 0.253200
0.253825 0.289728
0.253825 0.665938
0.254137 0.289416
0.254137 0.666875
0.254449 0.287855
0.254761 0.300031
0.255073 0.241961
0.255073 0.661567
0.256634 0.641898
0.257259 0.662192
0.257259 0.904777
0.257571 0.284733
0.257571 0.663753
0.257571 0.915392
0.258195 0.284421
0.258195 0.641898
0.258195 0.665938
0.258195 0.678739
0.258508 0.666875
0.258820 0.679363
0.259132 0.242585
0.259132 0.660943
0.259756 0.669060
0.260069 0.641898
0.260381 0.242897
0.260381 0.282235
0.260693 0.283484
0.260693 0.294724
0.260693 0.662816
0.261005 0.641898
0.261005 0.651577
0.261005 0.905089
0.261318 0.281299
0.261318 0.281611
0.261630 0.650016
0.261942 0.902904
0.261942 0.904152
0.262254 0.670309
0.262254 0.685295
0.262566 0.660943
0.262879 0.660943
0.263191 0.255073
0.263815 0.291602
0.264127 0.660943
0.264127 0.912894
0.264440 0.650328
0.264752 0.688729
0.265064 0.689354
0.265376 0.912270
0.265688 0.901030
0.265688 0.911958
0.266001 0.661879
0.266313 0.650328
0.266625 0.256010
0.266625 0.289104
0.266937 0.661567
0.267249 0.901967
0.267562 0.662192
0.267562 0.900406
0.268186 0.650016
0.268186 0.663441
0.268498 0.899781
0.268498 0.900094
0.269123 0.641898
0.269435 0.650016
0.269435 0.660943
0.269435 0.900718
0.269747 0.899469
0.270059 0.285982
0.270372 0.245083
0.270372 0.899157
0.270372 0.909772
0.270996 0.257259
0.270996 0.660943
0.271308 0.909460
0.271620 0.274430
0.271620 0.650016
0.271933 0.660943
0.271933 0.682485
0.272245 0.698096
0.272869 0.283796
0.273181 0.271620
0.273181 0.271933
0.273181 0.660943
0.273494 0.670933
0.273494 0.908523
0.273806 0.258195
0.273806 0.283172
0.273806 0.684983
0.273806 0.699969
0.274118 0.650016
0.274430 0.270996
0.274742 0.672807
0.274742 0.701842
0.275055 0.258820
0.275055 0.673431
0.275055 0.907587
0.275367 0.281611
0.275679 0.258820
0.275679 0.650016
0.275679 0.706213
0.275991 0.896035
0.275991 0.897284
0.276303 0.689354
0.276616 0.259132
0.276616 0.279426
0.276616 0.895723
0.276616 0.906962
0.276928 0.707774
0.276928 0.906650
0.277240 0.641586
0.277240 0.895411
0.277552 0.250702
0.277865 0.247580
0.278177 0.269435
0.278177 0.678426
0.278177 0.896035
0.278177 0.896347
0.278489 0.267874
0.278489 0.279426
0.278801 0.279113
0.278801 0.691539
0.278801 0.894474
0.279113 0.247893
0.279113 0.260069
0.279113 0.660631
0.279426 0.660631
0.279738 0.266937
0.280050 0.680924
0.280362 0.904777
0.280674 0.275367
0.280674 0.277865
0.281299 0.276928
0.281299 0.277240
0.281299 0.893225
0.281611 0.266937
0.281611 0.697471
0.281611 0.892913
0.281923 0.265376
0.281923 0.892601
0.282235 0.660631
0.282235 0.892601
0.282860 0.249454
0.282860 0.261630
0.282860 0.684983
0.282860 0.716516
0.283172 0.261630
0.283484 0.264127
0.283484 0.275367
0.283796 0.261942
0.283796 0.718389
0.284109 0.902591
0.284421 0.701530
0.284733 0.687793
0.285045 0.660631
0.285045 0.890727
0.285357 0.902279
0.285670 0.689354
0.285670 0.891976
0.285982 0.273806
0.285982 0.689354
0.285982 0.891976
0.286294 0.689978
0.286919 0.271620
0.286919 0.649703
0.286919 0.690915
0.287231 0.691227
0.287231 0.890415
0.287543 0.888854
0.287543 0.890103
0.287855 0.890103
0.288167 0.889791
0.288792 0.251639
0.288792 0.270059
0.288792 0.889166
0.288792 0.889479
0.289416 0.651264
0.290041 0.888542
0.290041 0.898845
0.290665 0.728067
0.290977 0.256010
0.290977 0.710896
0.290977 0.711208
0.290977 0.898220
0.291289 0.256010
0.291914 0.641274
0.291914 0.729628
0.291914 0.729941
0.292226 0.650952
0.292226 0.885420
0.292538 0.256322
0.292538 0.268810
0.293163 0.700593
0.293163 0.732126
0.293475 0.700593
0.293475 0.884171
0.293787 0.256947
0.293787 0.896347
0.294099 0.267874
0.294411 0.257259
0.294411 0.650952
0.294411 0.701842
0.294724 0.257259
0.295036 0.267562
0.295348 0.718077
0.295660 0.718701
0.295973 0.257883
0.295973 0.882298
0.296285 0.719326
0.296909 0.255073
0.296909 0.718701
0.297221 0.268810
0.297221 0.660006
0.297221 0.718077
0.297221 0.893537
0.297846 0.649079
0.298158 0.259132
0.298158 0.650640
0.298158 0.708086
0.298158 0.880112
0.298158 0.892913
0.298470 0.259444
0.298470 0.727443
0.298470 0.881361
0.298782 0.650640
0.298782 0.723384
0.299095 0.723384
0.299095 0.728692
0.299407 0.724009
0.299407 0.725258
0.299407 0.880737
0.299719 0.258820
0.299719 0.260381
0.299719 0.724945
0.299719 0.880737
0.300031 0.891664
0.300343 0.725570
0.300343 0.729628
0.300656 0.711833
0.300656 0.729316
0.300968 0.640649
0.300968 0.730565
0.300968 0.879488
0.301592 0.640962
0.301904 0.659694
0.301904 0.732438
0.301904 0.889791
0.301904 0.890103
0.302529 0.649079
0.302529 0.729004
0.302841 0.733999
0.303153 0.730565
0.303153 0.732438
0.303466 0.650328
0.303466 0.729316
0.303778 0.716204
0.303778 0.888542
0.304090 0.251015
0.304090 0.659382
0.304090 0.735873
0.304402 0.250702
0.304402 0.659382
0.304402 0.873868
0.304714 0.732751
0.304714 0.734936
0.304714 0.737121
0.305963 0.720262
0.305963 0.735248
0.305963 0.753044
0.305963 0.874180
0.305963 0.886357
0.306275 0.260693
0.306275 0.720574
0.306275 0.720887
0.306275 0.753668
0.306275 0.753981
0.306588 0.650328
0.306900 0.261318
0.306900 0.640337
0.307212 0.261318
0.307212 0.755854
0.307212 0.872619
0.307524 0.650328
0.307524 0.884483
0.307836 0.257883
0.307836 0.648767
0.307836 0.723072
0.308149 0.724321
0.308773 0.262566
0.308773 0.738995
0.308773 0.868873
0.309085 0.869810
0.309397 0.725882
0.309397 0.740244
0.309397 0.760225
0.309710 0.740868
0.310022 0.263191
0.310022 0.760849
0.310022 0.868873
0.310334 0.278177
0.310646 0.867936
0.310958 0.257259
0.310958 0.257571
0.310958 0.648455
0.310958 0.865439
0.311271 0.257259
0.311271 0.263815
0.311271 0.729316
0.311271 0.763659
0.311583 0.640337
0.311583 0.729941
0.311895 0.246644
0.311895 0.279738
0.312207 0.256947
0.312207 0.264752
0.312520 0.650016
0.313144 0.733063
0.313144 0.746175
0.313144 0.746488
0.313144 0.864502
0.314081 0.245707
0.314081 0.877615
0.314393 0.860131
0.314393 0.860443
0.314705 0.772713
0.315017 0.640025
0.315017 0.859507
0.315017 0.876366
0.315329 0.253200
0.315954 0.658757
0.315954 0.859819
0.316266 0.857009
0.316578 0.253200
0.316578 0.777084
0.316890 0.268810
0.317203 0.772713
0.317203 0.857321
0.317515 0.269435
0.317515 0.777084
0.317515 0.780206
0.317827 0.269435
0.317827 0.285045
0.317827 0.853575
0.317827 0.871995
0.319388 0.242897
0.319388 0.287231
0.319388 0.787387
0.319700 0.251327
0.319700 0.639713
0.319700 0.649391
0.319700 0.783953
0.319700 0.788323
0.320012 0.242585
0.320012 0.639713
0.320325 0.639401
0.320637 0.847018
0.320949 0.658133
0.320949 0.847018
0.320949 0.867312
0.321261 0.647518
0.321574 0.250702
0.321574 0.844833
0.321886 0.250702
0.322198 0.273806
0.322198 0.798314
0.323135 0.647518
0.323759 0.757103
0.323759 0.807680
0.323759 0.808617
0.323759 0.835155
0.324071 0.275367
0.324071 0.832657
0.324071 0.861380
0.324383 0.292538
0.324383 0.758976
0.324383 0.829223
0.324696 0.291289
0.324696 0.822042
0.324696 0.823291
0.325008 0.240400
0.325320 0.293475
0.325632 0.292226
0.325632 0.293787
0.325632 0.647206
0.325944 0.639088
0.326257 0.856385
0.327193 0.239463
0.327193 0.249454
0.327505 0.249454
0.327505 0.295973
0.327818 0.239151
0.327818 0.294411
0.327818 0.852638
0.328130 0.248829
0.328130 0.295036
0.328442 0.248829
0.328442 0.279426
0.328754 0.295660
0.328754 0.295973
0.329067 0.774274
0.329379 0.280987
0.329379 0.298158
0.329379 0.648142
0.329691 0.846706
0.330003 0.298782
0.330315 0.281611
0.330628 0.298158
0.330940 0.781455
0.330940 0.842648
0.331252 0.646581
0.331252 0.842023
0.331564 0.783953
0.331876 0.839525
0.332189 0.838589
0.333125 0.647830
0.333125 0.791758
0.333125 0.834218
0.333437 0.285670
0.333437 0.638152
0.333750 0.794880
0.334062 0.797690
0.334374 0.647518
0.334998 0.637840
0.334998 0.808929
0.334998 0.810178
0.334998 0.813612
0.334998 0.814549
0.334998 0.817983
0.334998 0.818295
0.334998 0.819232
0.334998 0.821105
0.335311 0.646269
0.335623 0.245707
0.335623 0.306275
0.335935 0.637840
0.336247 0.245395
0.337184 0.245395
0.337184 0.290041
0.337184 0.645957
0.337496 0.312832
0.337808 0.313144
0.338121 0.235404
0.338121 0.311895
0.338433 0.245083
0.338433 0.311895
0.338745 0.291602
0.339057 0.292538
0.339057 0.655948
0.339369 0.292850
0.339369 0.306275
0.339682 0.292850
0.339682 0.339057
0.340618 0.636903
0.342179 0.295973
0.342179 0.319388
0.342179 0.335311
0.342804 0.233843
0.342804 0.344365
0.342804 0.646269
0.343116 0.297534
0.343116 0.304090
0.343428 0.655011
0.344052 0.320637
0.344052 0.346862
0.344365 0.302529
0.344365 0.302841
0.344677 0.299719
0.344677 0.323759
0.344989 0.321886
0.344989 0.334062
0.344989 0.654699
0.345301 0.324383
0.345301 0.348423
0.345613 0.325008
0.346238 0.232594
0.346862 0.300656
0.346862 0.351545
0.347487 0.241961
0.347487 0.303466
0.347799 0.329067
0.348111 0.304714
0.348111 0.305027
0.348111 0.327505
0.348111 0.643771
0.348423 0.300968
0.348423 0.327818
0.348736 0.301904
0.349048 0.330628
0.349360 0.302841
0.349360 0.306588
0.349360 0.329067
0.349360 0.331252
0.349360 0.355292
0.349984 0.241024
0.349984 0.308149
0.350297 0.308149
0.351233 0.309397
0.351545 0.635030
0.351858 0.306900
0.351858 0.310958
0.351858 0.330628
0.352170 0.306900
0.352482 0.330315
0.352794 0.308149
0.352794 0.312207
0.352794 0.634717
0.353106 0.231033
0.353106 0.653138
0.353731 0.230721
0.353731 0.313768
0.354043 0.230721
0.354043 0.240087
0.354043 0.310022
0.354043 0.310334
0.354043 0.642523
0.354043 0.652825
0.354355 0.328130
0.354667 0.230409
0.354667 0.364970
0.354980 0.315642
0.354980 0.327505
0.355292 0.311583
0.355292 0.315642
0.355292 0.365907
0.355292 0.652513
0.355604 0.634093
0.356229 0.367156
0.356541 0.318139
0.356853 0.314393
0.356853 0.326257
0.356853 0.326569
0.357165 0.368717
0.357477 0.315329
0.357477 0.369653
0.357790 0.633469
0.358102 0.316578
0.358102 0.328130
0.358414 0.370902
0.358726 0.326881
0.358726 0.371527
0.358726 0.642523
0.359351 0.323135
0.359351 0.326257
0.359351 0.372463
0.359351 0.642523
0.359663 0.323135
0.359663 0.373088
0.359975 0.319388
0.359975 0.324383
0.360287 0.651264
0.360599 0.229160
0.360599 0.374961
0.360912 0.320637
0.360912 0.632532
0.361224 0.321261
0.361224 0.632532
0.361224 0.640962
0.361536 0.650952
0.362160 0.372776
0.362160 0.632220
0.362160 0.640649
0.362473 0.324071
0.362473 0.641586
0.363409 0.321574
0.363722 0.650640
0.364658 0.373088
0.365595 0.372463
0.365595 0.372776
0.366844 0.319700
0.366844 0.379332
0.367468 0.227911
0.367468 0.319076
0.367468 0.382454
0.367780 0.649391
0.368092 0.381205
0.368092 0.383078
0.368405 0.381830
0.369029 0.384952
0.369341 0.319700
0.369341 0.383391
0.369966 0.386200
0.369966 0.630347
0.370902 0.319076
0.371527 0.227287
0.371527 0.636903
0.372151 0.319700
0.372463 0.320637
0.372463 0.388386
0.372463 0.390884
0.373088 0.384327
0.373400 0.368092
0.373712 0.317515
0.374024 0.226975
0.374024 0.382142
0.374024 0.385888
0.374337 0.367780
0.374649 0.386200
0.374961 0.383703
0.374961 0.647206
0.375273 0.638152
0.375273 0.646894
0.375585 0.325944
0.375585 0.382766
0.375585 0.388386
0.375585 0.628473
0.375898 0.385264
0.375898 0.396503
0.376210 0.384327
0.376834 0.398064
0.376834 0.628161
0.377146 0.226663
0.377459 0.387761
0.377459 0.634717
0.377459 0.635030
0.377771 0.380581
0.378395 0.226350
0.378395 0.325320
0.378395 0.330315
0.378395 0.634717
0.379332 0.326881
0.379332 0.381205
0.379332 0.386200
0.379332 0.400562
0.379332 0.636903
0.379956 0.226038
0.379956 0.626912
0.379956 0.645645
0.380268 0.381205
0.380581 0.329379
0.380581 0.364034
0.380581 0.384327
0.380581 0.635030
0.380893 0.235717
0.381205 0.226038
0.381517 0.226038
0.381517 0.385264
0.381517 0.400874
0.381517 0.633469
0.381830 0.331252
0.382142 0.634717
0.382454 0.400562
0.382454 0.626288
0.382766 0.338121
0.383078 0.399938
0.383391 0.398689
0.383391 0.635342
0.384952 0.235404
0.385264 0.235404
0.385264 0.337496
0.385576 0.633469
0.385888 0.631595
0.386200 0.633156
0.386513 0.398064
0.386825 0.225726
0.386825 0.339369
0.386825 0.374961
0.386825 0.379644
0.386825 0.630971
0.387137 0.377459
0.387449 0.340930
0.387761 0.346550
0.387761 0.360287
0.387761 0.375898
0.388074 0.342179
0.388074 0.397440
0.388386 0.347175
0.388698 0.225414
0.388698 0.377771
0.388698 0.632220
0.389010 0.235092
0.389010 0.343428
0.389010 0.377771
0.389010 0.380581
0.389323 0.344052
0.389323 0.359663
0.389323 0.364346
0.389635 0.344365
0.389635 0.630034
0.389947 0.362160
0.390259 0.350297
0.390259 0.363097
0.390259 0.369966
0.390571 0.370278
0.391508 0.641274
0.391820 0.235092
0.391820 0.352794
0.391820 0.365283
0.391820 0.375585
0.391820 0.377146
0.391820 0.377459
0.391820 0.379644
0.392132 0.369029
0.392445 0.371839
0.392445 0.630971
0.392757 0.366844
0.393069 0.370902
0.393069 0.640649
0.393381 0.374024
0.393381 0.375585
0.393693 0.368717
0.393693 0.372151
0.393693 0.378395
0.394006 0.354667
0.394006 0.356853
0.394006 0.372776
0.394006 0.394006
0.394006 0.621605
0.394318 0.352170
0.394318 0.373400
0.394318 0.378083
0.394318 0.630034
0.394630 0.358102
0.394942 0.370590
0.395254 0.235092
0.395567 0.235092
0.395567 0.374961
0.396503 0.234780
0.396503 0.361224
0.396815 0.373400
0.397128 0.362160
0.397752 0.628786
0.398064 0.376210
0.398064 0.392132
0.398377 0.225101
0.399001 0.377771
0.399313 0.235092
0.399313 0.378083
0.399313 0.382142
0.399625 0.235092
0.399625 0.366844
0.399938 0.389635
0.399938 0.390884
0.400250 0.383703
0.400250 0.389323
0.400250 0.625351
0.400562 0.225414
0.401186 0.385264
0.401499 0.225101
0.401499 0.235092
0.402747 0.624415
0.403060 0.384952
0.403372 0.373088
0.403372 0.623790
0.403996 0.385888
0.403996 0.625976
0.404308 0.374649
0.404308 0.386825
0.404933 0.235092
0.404933 0.616922
0.405245 0.623166
0.405557 0.622854
0.405869 0.616609
0.406182 0.377459
0.406494 0.622229
0.407431 0.624415
0.407743 0.624415
0.408992 0.382766
0.409616 0.225414
0.411801 0.235404
0.412114 0.632532
0.413362 0.225726
0.414611 0.631283
0.416172 0.236029
0.417733 0.611302
0.418046 0.619732
0.418670 0.619419
0.419294 0.610677
0.419294 0.629410
0.421168 0.609741
0.422104 0.609116
0.422416 0.615048
0.423665 0.226975
0.423665 0.608492
0.424290 0.616922
0.424602 0.237278
0.424914 0.616609
0.425226 0.237278
0.425226 0.614112
0.426787 0.613487
0.427724 0.612863
0.428036 0.237902
0.428036 0.612551
0.428036 0.615048
0.428348 0.606307
0.428973 0.625039
0.429597 0.611926
0.430534 0.228224
0.431158 0.623790
0.432095 0.228536
0.433344 0.239463
0.433656 0.622854
0.433968 0.229160
0.434593 0.609741
0.436466 0.608804
0.437090 0.230097
0.438027 0.620668
0.438339 0.240712
0.438339 0.620668
0.438651 0.607868
0.439276 0.601311
0.439588 0.230721
0.439588 0.241024
0.439588 0.610053
0.440837 0.609429
0.441461 0.231346
0.441461 0.606619
0.441773 0.606307
0.442086 0.602872
0.442086 0.618795
0.443647 0.599750
0.444271 0.599126
0.444583 0.568842
0.444583 0.569154
0.444583 0.571027
0.444583 0.579769
0.444583 0.580706
0.444895 0.566344
0.444895 0.589135
0.445208 0.552295
0.445208 0.599750
0.445520 0.546363
0.445520 0.604746
0.445832 0.544177
0.445832 0.607243
0.445832 0.617234
0.446144 0.536372
0.446456 0.232907
0.446456 0.617234
0.446769 0.524508
0.446769 0.606931
0.447081 0.522323
0.447393 0.516391
0.447393 0.518264
0.447393 0.604433
0.447393 0.605682
0.447705 0.510459
0.447705 0.513269
0.447705 0.616609
0.448017 0.616609
0.448330 0.502966
0.448330 0.618170
0.448954 0.496410
0.449266 0.600375
0.449579 0.491727
0.449579 0.603809
0.449579 0.623166
0.449891 0.234155
0.450000 0.470000
0.450203 0.486107
0.450515 0.599750
0.450827 0.603185
0.451140 0.245395
0.451452 0.234780
0.451452 0.598814
0.452701 0.235404
0.452701 0.581642
0.453013 0.561037
0.453013 0.561349
0.453013 0.562285
0.453013 0.567905
0.453325 0.555729
0.453325 0.594131
0.453637 0.549485
0.453949 0.246644
0.453949 0.458320
0.453949 0.605682
0.454574 0.236341
0.454574 0.527943
0.454574 0.531065
0.454574 0.594443
0.454574 0.603497
0.454886 0.526382
0.454886 0.638152
0.455198 0.639713
0.455510 0.516079
0.455823 0.510459
0.456135 0.504839
0.456135 0.505776
0.456135 0.613487
0.456759 0.499219
0.457071 0.443959
0.457071 0.495473
0.457384 0.618483
0.457696 0.441461
0.457696 0.611926
0.457696 0.644708
0.458008 0.248517
0.458320 0.439900
0.458320 0.592569
0.458633 0.437715
0.459257 0.623478
0.459569 0.434905
0.459881 0.238839
0.459881 0.249454
0.459881 0.649703
0.460000 0.480000
0.460000 0.482000
0.460194 0.249766
0.460194 0.627224
0.460506 0.467999
0.460506 0.628161
0.460818 0.239151
0.461130 0.463628
0.461442 0.461442
0.461442 0.461755
0.461755 0.591008
0.461755 0.600375
0.461755 0.653450
0.462067 0.250390
0.462067 0.458008
0.462379 0.457071
0.462379 0.599750
0.462379 0.655011
0.462691 0.424290
0.463316 0.422104
0.463940 0.449266
0.463940 0.657509
0.464564 0.419294
0.464564 0.589760
0.464564 0.637840
0.464877 0.241024
0.464877 0.598501
0.464877 0.638776
0.465189 0.598189
0.465189 0.608180
0.465813 0.252576
0.465813 0.640649
0.466750 0.252888
0.467062 0.242273
0.467062 0.411489
0.467062 0.411801
0.467062 0.437402
0.467062 0.607243
0.467062 0.643771
0.467062 0.663753
0.467687 0.434905
0.467999 0.665314
0.468311 0.432719
0.468311 0.606931
0.468311 0.646894
0.468935 0.406806
0.468935 0.666875
0.469248 0.429909
0.469248 0.668124
0.469560 0.606307
0.469872 0.650016
0.470184 0.650016
0.470496 0.651264
0.471121 0.423978
0.471433 0.400562
0.471745 0.244458
0.471745 0.400562
0.471745 0.422104
0.471745 0.586325
0.471745 0.671870
0.472370 0.398064
0.472370 0.420543
0.472682 0.594443
0.472682 0.604746
0.472682 0.655011
0.472994 0.594443
0.472994 0.674680
0.473618 0.590072
0.473618 0.675304
0.473931 0.603809
0.474243 0.414924
0.474555 0.257259
0.474555 0.394006
0.474867 0.257571
0.474867 0.589135
0.474867 0.677178
0.475180 0.412738
0.475180 0.588823
0.475492 0.588511
0.475804 0.592569
0.476741 0.389010
0.476741 0.587886
0.477053 0.388074
0.477365 0.387449
0.477365 0.601936
0.477677 0.386200
0.477989 0.247893
0.477989 0.680612
0.478302 0.665314
0.478302 0.665626
0.478614 0.666250
0.478926 0.681861
0.479238 0.586638
0.479550 0.382142
0.479550 0.667811
0.479863 0.683422
0.480175 0.581642
0.480487 0.590384
0.480487 0.669060
0.480487 0.669685
0.480487 0.686232
0.480487 0.686856
0.480799 0.380268
0.480799 0.399001
0.481111 0.379644
0.481111 0.600062
0.481111 0.687480
0.481424 0.599750
0.481736 0.250390
0.481736 0.581018
0.481736 0.584764
0.481736 0.671246
0.482048 0.250390
0.482360 0.261630
0.482360 0.377146
0.482360 0.580706
0.482360 0.584452
0.482360 0.689042
0.482672 0.250702
0.482672 0.394942
0.482672 0.395254
0.483297 0.674368
0.483609 0.598814
0.483921 0.391820
0.483921 0.598814
0.483921 0.675304
0.484234 0.372776
0.484234 0.391820
0.484234 0.583203
0.484234 0.588199
0.484234 0.598189
0.484546 0.579457
0.484858 0.263191
0.485170 0.587886
0.485482 0.263815
0.485482 0.370278
0.485482 0.389323
0.485795 0.388386
0.486107 0.369341
0.486419 0.387449
0.486731 0.597253
0.487668 0.366844
0.487980 0.383703
0.487980 0.384015
0.487980 0.681549
0.487980 0.697783
0.488292 0.585701
0.488604 0.577271
0.488604 0.683110
0.488604 0.699032
0.488917 0.595692
0.489229 0.576335
0.489541 0.254761
0.489541 0.266313
0.489853 0.362160
0.489853 0.364658
0.489853 0.595379
0.490165 0.579145
0.490478 0.363409
0.490790 0.360912
0.491102 0.377459
0.491102 0.575710
0.491414 0.256322
0.492039 0.360912
0.492351 0.358102
0.492351 0.374649
0.492351 0.583203
0.492663 0.256947
0.492975 0.359351
0.492975 0.704964
0.493288 0.593194
0.493288 0.689978
0.493288 0.705589
0.493600 0.358102
0.493600 0.372463
0.493912 0.573525
0.493912 0.582891
0.493912 0.690915
0.494536 0.269747
0.494536 0.573213
0.495161 0.369653
0.495473 0.369029
0.495785 0.351858
0.495785 0.354667
0.495785 0.575398
0.495785 0.591945
0.496097 0.575086
0.496410 0.367780
0.497034 0.580393
0.497346 0.695910
0.497658 0.349048
0.497971 0.364346
0.498283 0.579769
0.498595 0.697783
0.499219 0.346862
0.499532 0.714018
0.500156 0.578520
0.500781 0.578208
0.501093 0.577896
0.501405 0.262566
0.501405 0.577584
0.501717 0.568530
0.502029 0.274742
0.502029 0.587574
0.502654 0.344052
0.503590 0.264127
0.504215 0.569466
0.505151 0.265064
0.505151 0.338121
0.505464 0.337808
0.505464 0.338121
0.505464 0.707774
0.506088 0.337496
0.506400 0.277865
0.506712 0.336247
0.506712 0.709335
0.506712 0.723384
0.507961 0.564783
0.508273 0.279113
0.508273 0.348736
0.508586 0.711833
0.509210 0.712457
0.509522 0.332813
0.509835 0.268498
0.510459 0.581954
0.510459 0.713706
0.510771 0.333125
0.510771 0.714643
0.511396 0.581642
0.511708 0.281923
0.511708 0.331564
0.511708 0.331876
0.512332 0.270684
0.512332 0.331252
0.512332 0.716516
0.512644 0.343116
0.512644 0.731190
0.513269 0.341867
0.513581 0.580081
0.513581 0.718077
0.513893 0.718389
0.514205 0.328754
0.514518 0.568217
0.514518 0.570403
0.514830 0.284109
0.514830 0.328442
0.514830 0.569466
0.515142 0.339369
0.515142 0.339994
0.515142 0.559163
0.515142 0.720262
0.515766 0.273181
0.515766 0.327193
0.515766 0.578208
0.516703 0.274118
0.516703 0.274430
0.517015 0.325944
0.517952 0.737746
0.518264 0.322822
0.518264 0.565407
0.518576 0.287231
0.519201 0.564783
0.519513 0.276303
0.519825 0.288480
0.519825 0.334374
0.519825 0.575710
0.519825 0.725882
0.519825 0.739931
0.520137 0.320637
0.520450 0.320325
0.520450 0.320637
0.520762 0.741180
0.521074 0.332813
0.521386 0.554168
0.521386 0.574149
0.521386 0.727755
0.521698 0.554168
0.522635 0.330940
0.522635 0.573213
0.522947 0.291289
0.522947 0.330628
0.522947 0.330940
0.522947 0.743990
0.523259 0.317515
0.523572 0.561037
0.523884 0.316890
0.523884 0.730877
0.524196 0.292538
0.524196 0.552295
0.524196 0.744927
0.524820 0.328754
0.524820 0.731814
0.525445 0.317203
0.525757 0.733063
0.526069 0.315954
0.526069 0.550421
0.526694 0.747736
0.527006 0.294724
0.527006 0.557602
0.527318 0.326257
0.527630 0.315329
0.527943 0.749298
0.528255 0.548548
0.528255 0.735873
0.528567 0.283796
0.528567 0.314393
0.528567 0.555729
0.528879 0.313768
0.528879 0.555417
0.529191 0.825476
0.529504 0.546987
0.529504 0.751171
0.529816 0.311583
0.529816 0.546987
0.529816 0.567281
0.529816 0.827662
0.530128 0.737434
0.530440 0.554168
0.530752 0.545738
0.530752 0.738370
0.531065 0.298158
0.531065 0.738682
0.531065 0.834530
0.531377 0.286294
0.531689 0.545114
0.531689 0.836716
0.532001 0.565095
0.532001 0.784577
0.532001 0.789884
0.532001 0.790197
0.532001 0.837964
0.532313 0.838589
0.532626 0.286919
0.532626 0.786762
0.532626 0.787075
0.532938 0.320949
0.532938 0.780518
0.532938 0.840462
0.533562 0.842023
0.533874 0.310022
0.534187 0.542616
0.534187 0.563222
0.534499 0.548548
0.534499 0.742741
0.534811 0.301592
0.534811 0.541992
0.534811 0.757103
0.534811 0.845770
0.535123 0.301592
0.535123 0.743366
0.535436 0.289728
0.535436 0.772401
0.535436 0.778333
0.535748 0.758039
0.535748 0.770528
0.535748 0.777396
0.535748 0.847331
0.536060 0.561037
0.536684 0.768030
0.536684 0.809241
0.536684 0.810802
0.536684 0.812051
0.536684 0.812363
0.536997 0.560412
0.536997 0.745551
0.536997 0.804558
0.536997 0.805495
0.536997 0.805807
0.536997 0.807368
0.537309 0.317203
0.537309 0.538870
0.537621 0.799875
0.537933 0.291914
0.537933 0.306275
0.537933 0.824539
0.537933 0.852326
0.538245 0.316578
0.538245 0.543865
0.538245 0.558851
0.538558 0.760849
0.538558 0.761161
0.538558 0.794255
0.538870 0.537309
0.538870 0.767093
0.538870 0.828598
0.539182 0.536684
0.539494 0.304090
0.539494 0.304402
0.539494 0.541992
0.539494 0.855760
0.539806 0.789260
0.539806 0.831720
0.540119 0.314705
0.540119 0.763659
0.540431 0.535123
0.540431 0.748985
0.540431 0.787387
0.540743 0.760537
0.540743 0.763035
0.540743 0.858570
0.541055 0.834842
0.541367 0.304402
0.541367 0.783328
0.541680 0.533250
0.541680 0.758039
0.541992 0.760537
0.541992 0.774274
0.541992 0.774586
0.541992 0.781455
0.541992 0.860756
0.542304 0.554480
0.542304 0.779894
0.542616 0.553856
0.542616 0.839213
0.542929 0.303153
0.542929 0.751483
0.542929 0.754605
0.542929 0.758039
0.543241 0.553544
0.543241 0.863253
0.543553 0.302841
0.543553 0.756478
0.543865 0.311895
0.543865 0.749298
0.543865 0.754293
0.544177 0.755229
0.544177 0.774899
0.544177 0.864190
0.544490 0.534499
0.544490 0.771152
0.544490 0.774274
0.544802 0.773337
0.545114 0.768654
0.545114 0.770215
0.545114 0.845145
0.545426 0.301592
0.545426 0.745863
0.545738 0.312520
0.545738 0.745239
0.545738 0.867000
0.545738 0.867312
0.546051 0.312520
0.546051 0.550109
0.546675 0.847955
0.546987 0.526069
0.546987 0.529816
0.546987 0.742741
0.547612 0.528879
0.547612 0.741805
0.547612 0.870122
0.547924 0.299095
0.547924 0.528255
0.548548 0.523884
0.548548 0.739307
0.548548 0.851702
0.548860 0.871995
0.549173 0.522947
0.549173 0.738058
0.549485 0.737746
0.549797 0.771776
0.549797 0.854511
0.550109 0.298158
0.550421 0.772401
0.550734 0.317827
0.550734 0.874493
0.551046 0.296597
0.551046 0.318451
0.551046 0.734312
0.551046 0.758039
0.551046 0.759288
0.551358 0.519513
0.551358 0.733687
0.551983 0.858570
0.552295 0.294099
0.552295 0.541367
0.552607 0.296285
0.552607 0.320325
0.552607 0.519825
0.552919 0.519201
0.553231 0.293163
0.553231 0.296285
0.553231 0.306900
0.553231 0.321261
0.553231 0.518576
0.553231 0.730565
0.553231 0.753356
0.553544 0.295973
0.553856 0.517952
0.553856 0.861692
0.554480 0.307836
0.554792 0.295036
0.554792 0.324071
0.555105 0.309085
0.555105 0.726819
0.555105 0.732751
0.555105 0.750234
0.555417 0.536997
0.555729 0.293787
0.555729 0.309710
0.555729 0.512020
0.555729 0.864502
0.556041 0.763659
0.556041 0.763971
0.556041 0.767093
0.556041 0.864502
0.556353 0.510771
0.556353 0.730565
0.556353 0.881361
0.556666 0.865751
0.556978 0.293163
0.556978 0.534187
0.556978 0.746175
0.556978 0.764596
0.556978 0.866375
0.557290 0.311583
0.557290 0.745551
0.557290 0.764596
0.557602 0.292850
0.557914 0.290041
0.557914 0.312520
0.557914 0.744614
0.558227 0.329067
0.558227 0.867936
0.558539 0.300968
0.558539 0.769279
0.558851 0.742117
0.558851 0.742429
0.559163 0.289416
0.559163 0.300656
0.559163 0.300968
0.559163 0.869810
0.559475 0.741805
0.559788 0.314393
0.559788 0.315017
0.559788 0.503590
0.559788 0.885108
0.559788 0.885420
0.560100 0.291289
0.560100 0.780830
0.560100 0.885732
0.560412 0.300031
0.560412 0.767718
0.560412 0.770840
0.560412 0.780830
0.560724 0.500781
0.561037 0.738682
0.561037 0.872307
0.561037 0.886669
0.561349 0.526382
0.561349 0.526694
0.561973 0.525133
0.562285 0.772089
0.562598 0.496410
0.562598 0.524196
0.562910 0.713081
0.562910 0.783328
0.563222 0.291602
0.563222 0.719950
0.563534 0.320012
0.563534 0.719326
0.563534 0.770215
0.563846 0.493600
0.563846 0.711520
0.563846 0.875741
0.564159 0.292226
0.564159 0.733063
0.564471 0.285982
0.564471 0.711208
0.564471 0.771152
0.564471 0.890415
0.564783 0.519513
0.564783 0.709959
0.564783 0.732126
0.564783 0.876678
0.564783 0.891040
0.565095 0.771464
0.566344 0.785826
0.566656 0.325320
0.566656 0.486107
0.566968 0.515766
0.566968 0.879488
0.567281 0.284421
0.567281 0.287231
0.567281 0.325944
0.567281 0.706525
0.567593 0.290353
0.568217 0.290041
0.568217 0.512957
0.568217 0.726194
0.568217 0.786762
0.568530 0.894474
0.568842 0.285982
0.568842 0.480175
0.568842 0.709647
0.569154 0.328754
0.569154 0.510147
0.569154 0.510459
0.569154 0.775211
0.569154 0.895411
0.569466 0.285670
0.569466 0.509835
0.569778 0.350921
0.569778 0.723072
0.569778 0.882298
0.570091 0.287543
0.570091 0.708086
0.570403 0.507337
0.570403 0.775835
0.570715 0.353731
0.570715 0.354043
0.570715 0.701218
0.571027 0.293163
0.571027 0.789260
0.571339 0.886669
0.571652 0.470184
0.571652 0.887918
0.571964 0.885108
0.572276 0.358414
0.572276 0.699032
0.572588 0.358726
0.572900 0.284109
0.572900 0.336247
0.572900 0.359663
0.572900 0.886044
0.573213 0.465189
0.573525 0.463940
0.573837 0.280362
0.573837 0.338121
0.573837 0.462067
0.573837 0.497971
0.573837 0.696222
0.574149 0.716204
0.574149 0.716828
0.574149 0.781767
0.574149 0.791446
0.574149 0.791758
0.574461 0.365283
0.574461 0.900406
0.574774 0.280050
0.574774 0.290665
0.575086 0.279738
0.575086 0.340306
0.575086 0.340618
0.575398 0.290353
0.575398 0.341243
0.575398 0.493600
0.575398 0.714330
0.575710 0.492039
0.575710 0.714018
0.575710 0.782704
0.576022 0.343116
0.576335 0.343740
0.576335 0.372151
0.576335 0.372776
0.576959 0.375273
0.576959 0.375898
0.576959 0.488917
0.577271 0.345301
0.577271 0.487356
0.577271 0.487668
0.577271 0.691851
0.577896 0.380581
0.577896 0.781455
0.578208 0.278177
0.578208 0.384015
0.578520 0.386200
0.578832 0.437402
0.579145 0.350297
0.579145 0.390884
0.579145 0.391820
0.579145 0.435217
0.579145 0.892288
0.579457 0.399313
0.579457 0.400874
0.579457 0.429597
0.579769 0.276928
0.579769 0.403060
0.579769 0.404621
0.579769 0.407431
0.579769 0.407743
0.579769 0.408367
0.579769 0.415860
0.579769 0.423353
0.580393 0.477365
0.580393 0.693100
0.580706 0.276616
0.580706 0.706837
0.580706 0.906026
0.581330 0.287231
0.581642 0.472994
0.581642 0.894162
0.581954 0.472057
0.582267 0.470496
0.582267 0.784577
0.582579 0.690915
0.582579 0.704027
0.582579 0.895098
0.582891 0.286294
0.582891 0.683422
0.583203 0.798002
0.583515 0.688729
0.583515 0.788323
0.583828 0.688417
0.584140 0.463316
0.584140 0.909148
0.584452 0.366844
0.584452 0.681549
0.584452 0.681861
0.584452 0.798626
0.584452 0.897284
0.584764 0.459881
0.584764 0.786450
0.584764 0.788011
0.585076 0.457384
0.585076 0.789884
0.585389 0.685919
0.585389 0.790197
0.585389 0.897908
0.585701 0.679675
0.585701 0.679988
0.586013 0.453325
0.586013 0.685607
0.586013 0.800187
0.586325 0.377146
0.586638 0.449266
0.586638 0.911333
0.586950 0.273806
0.586950 0.788011
0.587262 0.443959
0.587262 0.911645
0.587574 0.441149
0.587574 0.442398
0.587574 0.677802
0.587886 0.437090
0.588199 0.398064
0.588199 0.400250
0.588199 0.788636
0.588199 0.791758
0.588199 0.912582
0.588511 0.408367
0.588511 0.681861
0.589135 0.801748
0.589447 0.283172
0.589447 0.675304
0.590072 0.693412
0.590384 0.692788
0.591633 0.271308
0.591633 0.672495
0.591633 0.903840
0.592257 0.270996
0.592257 0.671870
0.592257 0.690603
0.592257 0.794568
0.592569 0.904465
0.592882 0.281611
0.593194 0.792382
0.593506 0.280987
0.594131 0.270372
0.594131 0.675304
0.594131 0.675617
0.594131 0.688105
0.594443 0.805183
0.594755 0.687168
0.595067 0.918514
0.595379 0.668436
0.595379 0.793631
0.595379 0.793943
0.595379 0.796753
0.595692 0.668124
0.595692 0.797065
0.595692 0.907274
0.596004 0.280050
0.596004 0.673431
0.596004 0.794255
0.596316 0.667187
0.596316 0.794255
0.596940 0.684358
0.596940 0.919763
0.597253 0.279426
0.597253 0.918826
0.597565 0.268810
0.597565 0.807368
0.597877 0.670933
0.599126 0.278801
0.599438 0.799563
0.599438 0.921636
0.599750 0.808617
0.600062 0.668748
0.600375 0.797065
0.600687 0.800187
0.600687 0.921324
0.600999 0.277865
0.600999 0.662192
0.600999 0.668436
0.600999 0.923197
0.601311 0.668124
0.601311 0.800500
0.601936 0.661255
0.601936 0.921012
0.601936 0.923821
0.602560 0.277240
0.602872 0.810490
0.603185 0.276928
0.603497 0.921636
0.603809 0.676865
0.603809 0.802061
0.604433 0.658445
0.604746 0.675929
0.605058 0.663441
0.605058 0.802373
0.605682 0.674992
0.605994 0.674680
0.606619 0.656260
0.606931 0.916328
0.607243 0.813300
0.607243 0.927568
0.607555 0.672495
0.607555 0.801748
0.607868 0.672182
0.608492 0.654074
0.608492 0.813924
0.608804 0.802373
0.609116 0.659382
0.609116 0.802373
0.609741 0.659070
0.610053 0.669997
0.610365 0.658133
0.610365 0.669372
0.610677 0.274118
0.610677 0.667811
0.610677 0.918826
0.610990 0.274118
0.611614 0.919763
0.611926 0.263815
0.612239 0.667499
0.612239 0.816110
0.612551 0.920387
0.612551 0.931314
0.612863 0.666875
0.614424 0.272869
0.614736 0.647830
0.614736 0.817671
0.615048 0.817671
0.615048 0.922260
0.615673 0.653138
0.615985 0.272245
0.615985 0.646581
0.616297 0.818295
0.616922 0.651889
0.618795 0.661255
0.618795 0.935998
0.618795 0.936310
0.619107 0.808617
0.619419 0.271308
0.619732 0.649079
0.619732 0.649391
0.619732 0.936934
0.620044 0.808929
0.620668 0.647830
0.621293 0.926631
0.621917 0.641274
0.622541 0.822042
0.622854 0.645957
0.622854 0.657509
0.622854 0.939120
0.623478 0.656572
0.624102 0.811427
0.624415 0.639401
0.624727 0.940368
0.625039 0.929441
0.625351 0.644084
0.626600 0.269123
0.628161 0.259132
0.628161 0.641274
0.628786 0.651577
0.628786 0.825164
0.629098 0.635342
0.629410 0.268498
0.629410 0.825476
0.629410 0.943490
0.630034 0.825788
0.630971 0.932875
0.630971 0.944115
0.631283 0.944427
0.632220 0.934124
0.632844 0.258195
0.633156 0.816734
0.633781 0.267562
0.634093 0.630659
0.634405 0.828286
0.634717 0.630347
0.634717 0.646269
0.634717 0.935373
0.635342 0.935998
0.635654 0.257883
0.636278 0.634717
0.636278 0.818608
0.637215 0.257571
0.637527 0.633156
0.637840 0.948174
0.638152 0.632844
0.638152 0.830159
0.638464 0.937871
0.638776 0.830471
0.639088 0.266625
0.639088 0.642835
0.639088 0.819856
0.639401 0.642523
0.640337 0.820481
0.640337 0.831096
0.641274 0.939120
0.641274 0.950671
0.641898 0.624727
0.642210 0.629722
0.642523 0.629410
0.642835 0.822042
0.643459 0.940681
0.643771 0.638776
0.643771 0.940681
0.644084 0.822666
0.644396 0.622854
0.644396 0.628161
0.644708 0.627849
0.645645 0.625351
0.645957 0.621293
0.645957 0.941929
0.646269 0.941929
0.646269 0.952857
0.646581 0.942242
0.646894 0.824227
0.646894 0.942242
0.648455 0.824852
0.649079 0.835467
0.649391 0.634405
0.649391 0.825164
0.649391 0.944115
0.649703 0.618483
0.649703 0.825788
0.650016 0.633781
0.650640 0.256010
0.650640 0.836091
0.650952 0.826101
0.651577 0.826413
0.651889 0.256010
0.651889 0.617234
0.651889 0.621917
0.651889 0.945364
0.652825 0.265064
0.653138 0.620980
0.653138 0.837340
0.653762 0.615673
0.653762 0.620668
0.654074 0.256010
0.654074 0.630971
0.655011 0.619419
0.655635 0.629410
0.655948 0.619107
0.656572 0.613800
0.657196 0.256010
0.657509 0.612863
0.657509 0.628161
0.657509 0.628473
0.657821 0.612239
0.657821 0.839838
0.657821 0.948174
0.658133 0.264752
0.658133 0.627849
0.658445 0.264752
0.658445 0.829847
0.659070 0.611614
0.659382 0.840462
0.659694 0.616297
0.660006 0.616297
0.660006 0.830471
0.660318 0.949422
0.660943 0.960350
0.661255 0.264752
0.661255 0.960662
0.661567 0.610053
0.661879 0.624727
0.661879 0.831408
0.662504 0.831720
0.662816 0.624415
0.662816 0.961599
0.663128 0.961599
0.663441 0.961599
0.664065 0.265064
0.664065 0.961911
0.664377 0.265064
0.664377 0.622854
0.665314 0.622229
0.665314 0.832657
0.666250 0.606307
0.666250 0.621605
0.666875 0.833594
0.666875 0.952232
0.667187 0.621293
0.667187 0.833594
0.667187 0.833906
0.667187 0.963472
0.667499 0.610677
0.668748 0.953169
0.669372 0.609429
0.669372 0.609741
0.669685 0.844833
0.669997 0.844833
0.669997 0.964408
0.670621 0.835155
0.670933 0.965033
0.671246 0.845770
0.671246 0.954418
0.671558 0.602872
0.671558 0.954730
0.672182 0.846082
0.672807 0.616922
0.672807 0.955042
0.673119 0.601936
0.673119 0.846394
0.673431 0.256634
0.673431 0.265376
0.673431 0.836403
0.674680 0.602248
0.674680 0.605994
0.674680 0.615985
0.674680 0.847018
0.674992 0.605994
0.674992 0.837028
0.674992 0.955979
0.675304 0.600375
0.675929 0.256947
0.677178 0.600999
0.677178 0.956603
0.677490 0.266001
0.677490 0.967530
0.678739 0.848579
0.679051 0.598189
0.679988 0.599126
0.680612 0.587262
0.681236 0.598501
0.681236 0.847643
0.681861 0.601311
0.681861 0.849516
0.682485 0.610990
0.682797 0.597565
0.683110 0.595379
0.683110 0.610365
0.683422 0.596940
0.683734 0.959413
0.684046 0.600062
0.684671 0.840462
0.684671 0.850453
0.684983 0.609429
0.685295 0.609116
0.685607 0.608804
0.685919 0.593818
0.685919 0.960350
0.686544 0.960350
0.686856 0.598501
0.687793 0.597877
0.687793 0.598189
0.688105 0.607243
0.688417 0.592257
0.689042 0.259132
0.689042 0.971589
0.689354 0.591633
0.689666 0.971901
0.689978 0.268186
0.689978 0.593818
0.689978 0.851077
0.689978 0.852326
0.690290 0.606307
0.690603 0.591008
0.690915 0.851077
0.691227 0.852638
0.691539 0.590384
0.691539 0.852950
0.692164 0.843272
0.692164 0.852950
0.692788 0.604433
0.692788 0.604746
0.692788 0.962535
0.693100 0.589760
0.693100 0.843272
0.693412 0.589447
0.694349 0.591008
0.694349 0.603497
0.695286 0.843896
0.695286 0.973462
0.696534 0.844209
0.696847 0.261005
0.697471 0.261318
0.697783 0.587262
0.697783 0.601311
0.698096 0.844833
0.698408 0.588823
0.698408 0.601311
0.698408 0.964408
0.698720 0.261630
0.699344 0.261630
0.699344 0.591321
0.699344 0.964721
0.699657 0.591321
0.699657 0.845145
0.699969 0.854824
0.700593 0.271308
0.700905 0.599750
0.701218 0.975336
0.701530 0.271308
0.701530 0.590384
0.701842 0.585076
0.702154 0.845770
0.703091 0.855760
0.703403 0.846082
0.704964 0.583515
0.704964 0.588199
0.704964 0.846394
0.704964 0.856385
0.705589 0.846706
0.705901 0.597253
0.706213 0.263815
0.706213 0.597253
0.706525 0.976897
0.707150 0.847018
0.707150 0.856697
0.707150 0.967218
0.707462 0.596316
0.707462 0.967218
0.708398 0.857009
0.709023 0.595692
0.709647 0.581018
0.711520 0.847955
0.711520 0.968155
0.711833 0.580081
0.711833 0.584764
0.711833 0.968467
0.712145 0.579769
0.712769 0.848267
0.713081 0.266001
0.713394 0.857946
0.714018 0.593194
0.714018 0.979082
0.714330 0.578832
0.714330 0.979082
0.714643 0.275991
0.714955 0.275991
0.714955 0.578208
0.714955 0.970965
0.715267 0.849828
0.716828 0.850453
0.717140 0.276928
0.717140 0.591321
0.717765 0.582267
0.718701 0.581954
0.719950 0.970340
0.720574 0.576022
0.720887 0.858882
0.721823 0.849516
0.722135 0.578520
0.722135 0.850765
0.722135 0.858882
0.722760 0.580081
0.722760 0.851077
0.722760 0.970965
0.723384 0.849516
0.723697 0.971277
0.723697 0.981268
0.724009 0.574461
0.724321 0.981268
0.724945 0.574149
0.724945 0.849516
0.725258 0.270996
0.725258 0.280362
0.725258 0.975023
0.725570 0.270996
0.726506 0.576959
0.726819 0.973462
0.728067 0.576647
0.728067 0.849828
0.728692 0.851389
0.729004 0.982204
0.729628 0.577271
0.729941 0.859507
0.730253 0.585701
0.730565 0.282860
0.730565 0.849828
0.730877 0.576959
0.730877 0.585701
0.731190 0.576647
0.731190 0.982516
0.732126 0.571652
0.732438 0.585076
0.732438 0.859507
0.733063 0.284109
0.733063 0.982829
0.733687 0.274742
0.733687 0.284733
0.733999 0.571339
0.733999 0.849828
0.734312 0.574774
0.734624 0.275367
0.734624 0.571027
0.734624 0.851389
0.734936 0.851389
0.735560 0.583828
0.736185 0.849828
0.736809 0.973775
0.737746 0.286606
0.737746 0.574774
0.737746 0.975648
0.738058 0.573837
0.738058 0.859507
0.738370 0.287231
0.738370 0.570091
0.738682 0.573837
0.738682 0.983765
0.738995 0.277552
0.738995 0.582891
0.738995 0.974087
0.739619 0.278177
0.740244 0.974087
0.740556 0.859195
0.740556 0.984077
0.740868 0.974399
0.740868 0.975960
0.741180 0.572900
0.741180 0.859195
0.742117 0.859195
0.742429 0.581954
0.742741 0.581954
0.743053 0.849204
0.743053 0.974399
0.743366 0.849204
0.744302 0.568842
0.744302 0.984702
0.744614 0.976272
0.745551 0.571964
0.745863 0.985014
0.746175 0.281611
0.746175 0.281923
0.746488 0.291914
0.746800 0.975023
0.747112 0.282235
0.747112 0.858258
0.748985 0.857946
0.750546 0.580393
0.751483 0.285357
0.751483 0.848892
0.752107 0.295973
0.752107 0.847331
0.752732 0.848579
0.753044 0.567905
0.753981 0.977521
0.754293 0.286919
0.754605 0.846394
0.756791 0.985951
0.757103 0.985951
0.757727 0.846706
0.758664 0.290041
0.758664 0.855448
0.758664 0.978145
0.759600 0.301280
0.760225 0.567281
0.760537 0.976272
0.760849 0.302841
0.761474 0.978145
0.761786 0.578832
0.762722 0.843584
0.763035 0.976272
0.763035 0.978145
0.763659 0.293787
0.763659 0.305027
0.763659 0.978458
0.763971 0.294099
0.763971 0.294411
0.763971 0.305339
0.764283 0.844521
0.764283 0.986887
0.764908 0.853263
0.765220 0.578520
0.765220 0.978458
0.765845 0.842335
0.765845 0.976584
0.766157 0.295973
0.766469 0.976584
0.766469 0.978458
0.766781 0.566968
0.768030 0.841086
0.768654 0.842335
0.768967 0.310022
0.769591 0.310334
0.769903 0.578208
0.770215 0.299719
0.770215 0.850765
0.770528 0.300031
0.770528 0.976897
0.771152 0.850453
0.771464 0.979082
0.772089 0.839213
0.772713 0.838901
0.773025 0.840462
0.773337 0.976897
0.773650 0.314393
0.773650 0.849204
0.774274 0.303778
0.774274 0.578520
0.774586 0.567281
0.774899 0.839525
0.775211 0.304402
0.775211 0.837652
0.775523 0.304714
0.775523 0.838901
0.775835 0.838901
0.776147 0.305027
0.776147 0.578520
0.776772 0.305651
0.776772 0.847955
0.778021 0.578520
0.778645 0.835779
0.778645 0.846706
0.778957 0.846706
0.779582 0.846394
0.780206 0.321886
0.780518 0.979082
0.780830 0.322510
0.780830 0.976897
0.781767 0.845145
0.782079 0.567905
0.782392 0.311583
0.782392 0.324071
0.782704 0.568217
0.782704 0.578832
0.783016 0.325008
0.783328 0.844521
0.783640 0.568217
0.783640 0.834842
0.783640 0.844209
0.783953 0.834530
0.784265 0.976897
0.784265 0.979082
0.784577 0.314393
0.784577 0.976897
0.785201 0.833594
0.785514 0.832032
0.787075 0.568842
0.787075 0.842335
0.787075 0.979394
0.788948 0.569154
0.788948 0.580081
0.788948 0.987824
0.789260 0.319700
0.789260 0.987824
0.790197 0.979394
0.790197 0.987824
0.790509 0.830784
0.790821 0.321886
0.790821 0.840150
0.791133 0.580393
0.791133 0.976584
0.791446 0.580393
0.791446 0.839838
0.791758 0.569778
0.792070 0.829535
0.792382 0.323447
0.792694 0.338745
0.792694 0.978145
0.793007 0.828910
0.793319 0.325008
0.793319 0.827037
0.793319 0.828910
0.793943 0.581018
0.794880 0.987824
0.795192 0.827662
0.795192 0.837652
0.795504 0.327818
0.795816 0.581642
0.795816 0.825476
0.795816 0.837340
0.796441 0.328754
0.796753 0.571339
0.796753 0.824852
0.796753 0.976584
0.797377 0.836403
0.798002 0.331252
0.798314 0.987824
0.798626 0.571964
0.798626 0.978145
0.798938 0.332813
0.799251 0.582891
0.799251 0.834842
0.799251 0.979394
0.799563 0.582891
0.799563 0.979394
0.799875 0.824539
0.800187 0.824227
0.800187 0.834530
0.800500 0.572588
0.800812 0.351233
0.800812 0.987824
0.801124 0.352482
0.801436 0.572900
0.801748 0.336872
0.802061 0.820793
0.802373 0.338121
0.802373 0.822666
0.802685 0.822354
0.802997 0.355916
0.803934 0.819544
0.803934 0.819856
0.803934 0.831720
0.804246 0.978145
0.804558 0.585076
0.804870 0.818608
0.804870 0.831096
0.805495 0.574774
0.805807 0.343116
0.805807 0.360912
0.806119 0.979082
0.807368 0.364034
0.807368 0.364346
0.807680 0.398377
0.807993 0.365595
0.807993 0.586325
0.807993 0.818608
0.807993 0.987512
0.808305 0.369653
0.808305 0.816110
0.808305 0.828598
0.808929 0.370590
0.808929 0.587262
0.809241 0.403996
0.809241 0.576335
0.809241 0.977521
0.809554 0.827974
0.809866 0.350609
0.809866 0.576959
0.810178 0.350609
0.810178 0.587886
0.810490 0.406494
0.810802 0.588199
0.811115 0.407743
0.811115 0.977521
0.811427 0.376834
0.811739 0.377146
0.811739 0.588823
0.811739 0.826413
0.811739 0.977521
0.812051 0.377459
0.812051 0.978458
0.812363 0.378395
0.812363 0.415548
0.812363 0.577896
0.812676 0.412114
0.812988 0.355604
0.813300 0.812051
0.813612 0.370278
0.813612 0.401499
0.813612 0.403996
0.813924 0.414299
0.813924 0.418670
0.814237 0.579145
0.814237 0.987200
0.814549 0.987200
0.814861 0.384327
0.814861 0.421480
0.815173 0.384639
0.815485 0.975023
0.815798 0.423041
0.815798 0.812051
0.815798 0.987200
0.816110 0.361536
0.816110 0.975023
0.816422 0.978145
0.816734 0.424914
0.816734 0.811427
0.816734 0.977209
0.816734 0.986887
0.817047 0.411489
0.817047 0.426163
0.817359 0.422104
0.817671 0.821417
0.817983 0.391508
0.818295 0.424290
0.818295 0.821105
0.818920 0.415236
0.818920 0.809554
0.819232 0.806431
0.819544 0.427412
0.819856 0.427412
0.820481 0.817671
0.820793 0.367156
0.820793 0.818920
0.821105 0.807056
0.821105 0.807368
0.821730 0.974399
0.821730 0.977833
0.822042 0.974399
0.822354 0.986263
0.822666 0.370902
0.822666 0.596316
0.822978 0.596628
0.823291 0.431783
0.823603 0.814861
0.823915 0.586013
0.823915 0.596004
0.823915 0.597253
0.824227 0.586325
0.824539 0.432095
0.824852 0.434593
0.824852 0.597877
0.824852 0.801124
0.825164 0.396191
0.825164 0.435217
0.825164 0.598501
0.826101 0.438339
0.826101 0.973775
0.826413 0.379956
0.826413 0.432407
0.826413 0.799563
0.826725 0.588199
0.826725 0.813612
0.827037 0.599750
0.827037 0.985638
0.827349 0.395254
0.827349 0.976897
0.827662 0.382454
0.827662 0.433344
0.827974 0.382766
0.827974 0.589135
0.828286 0.384015
0.828286 0.600999
0.828286 0.798002
0.828598 0.384327
0.828598 0.443959
0.828598 0.800187
0.828910 0.394630
0.828910 0.444895
0.829847 0.438027
0.829847 0.438339
0.829847 0.810490
0.829847 0.973150
0.830159 0.591008
0.830471 0.442086
0.830471 0.795192
0.830471 0.810178
0.830471 0.973150
0.830471 0.975336
0.830784 0.440212
0.830784 0.794880
0.831096 0.809554
0.831408 0.444271
0.831720 0.808617
0.831720 0.975023
0.832032 0.387449
0.832032 0.793319
0.832032 0.808617
0.832345 0.393069
0.832345 0.440525
0.832345 0.446456
0.832969 0.453013
0.832969 0.453637
0.833594 0.807056
0.834218 0.806119
0.834218 0.974711
0.834530 0.595067
0.835467 0.453325
0.835467 0.453949
0.835467 0.789572
0.835779 0.791758
0.836091 0.428348
0.836091 0.441461
0.836091 0.454886
0.836091 0.791446
0.836403 0.790821
0.836716 0.440837
0.836716 0.597253
0.837028 0.446456
0.837028 0.787075
0.837028 0.787699
0.837340 0.391196
0.837340 0.439588
0.837652 0.390884
0.837652 0.598189
0.838277 0.390571
0.838277 0.459569
0.838901 0.427412
0.838901 0.445832
0.839838 0.787075
0.840150 0.438339
0.840462 0.446456
0.840462 0.459569
0.840462 0.614112
0.840774 0.784889
0.840774 0.785201
0.841086 0.443959
0.841399 0.426163
0.841399 0.602248
0.841399 0.615673
0.842023 0.425851
0.842023 0.440525
0.842023 0.797377
0.842023 0.983765
0.842335 0.603497
0.842648 0.442086
0.842648 0.443022
0.842960 0.604121
0.842960 0.796129
0.842960 0.796441
0.843272 0.779269
0.843272 0.782079
0.843272 0.970965
0.843584 0.458320
0.843584 0.605370
0.843584 0.618170
0.843584 0.972838
0.843584 0.974399
0.844209 0.794880
0.844521 0.458008
0.844521 0.619732
0.844833 0.443022
0.845145 0.776460
0.845457 0.778957
0.845770 0.793007
0.845770 0.983141
0.846394 0.776772
0.846706 0.791133
0.847018 0.455823
0.847018 0.623790
0.847331 0.772713
0.847331 0.790509
0.847643 0.437090
0.847643 0.442710
0.847643 0.772401
0.847955 0.440212
0.847955 0.772089
0.848267 0.443334
0.848579 0.441773
0.848579 0.443022
0.848892 0.441149
0.848892 0.971589
0.849204 0.441773
0.849204 0.454886
0.849204 0.787699
0.849516 0.435841
0.849828 0.455510
0.849828 0.768654
0.850140 0.442710
0.850140 0.969716
0.850453 0.422104
0.850453 0.437715
0.850765 0.438651
0.850765 0.767718
0.851077 0.434593
0.851389 0.615673
0.851389 0.969404
0.851389 0.970965
0.851389 0.972838
0.851702 0.434593
0.851702 0.437402
0.851702 0.981892
0.852014 0.438651
0.852326 0.783016
0.853575 0.453949
0.853575 0.634717
0.853575 0.762410
0.853887 0.433656
0.853887 0.762098
0.854511 0.440212
0.855136 0.778645
0.855136 0.970028
0.855760 0.432719
0.856072 0.437090
0.856072 0.756791
0.856072 0.759913
0.856385 0.431470
0.856385 0.453013
0.856385 0.756478
0.856385 0.759600
0.856385 0.759913
0.856385 0.776460
0.856697 0.758976
0.857009 0.641586
0.857633 0.434905
0.857633 0.451140
0.857633 0.969091
0.858258 0.644396
0.858258 0.644708
0.858258 0.980331
0.858570 0.645020
0.858882 0.438339
0.859195 0.450515
0.859507 0.427100
0.859819 0.970653
0.860443 0.630659
0.860443 0.746800
0.860443 0.769279
0.861068 0.631595
0.861380 0.450515
0.861380 0.652201
0.861692 0.432095
0.861692 0.767406
0.861692 0.970340
0.862004 0.745863
0.862941 0.635342
0.863253 0.657509
0.863565 0.659070
0.863878 0.449579
0.863878 0.659694
0.863878 0.736809
0.863878 0.762722
0.863878 0.967218
0.863878 0.969716
0.864502 0.661255
0.864814 0.737434
0.864814 0.978770
0.865126 0.440212
0.865439 0.443647
0.865439 0.730877
0.865439 0.735248
0.865751 0.665626
0.865751 0.729941
0.865751 0.758039
0.866063 0.448642
0.866375 0.727131
0.866687 0.446769
0.866687 0.447081
0.866687 0.756166
0.867000 0.448330
0.867000 0.670309
0.867000 0.729628
0.867000 0.968779
0.867312 0.672807
0.867624 0.646269
0.867624 0.968467
0.867936 0.447393
0.868249 0.677802
0.868561 0.679988
0.868873 0.751171
0.869185 0.649703
0.869185 0.677178
0.869185 0.682173
0.869185 0.684358
0.869185 0.716516
0.869185 0.717765
0.869185 0.718389
0.869497 0.704652
0.869497 0.713706
0.869810 0.681549
0.869810 0.690603
0.869810 0.701218
0.869810 0.712145
0.870122 0.652513
0.870122 0.710272
0.870434 0.684358
0.870434 0.687480
0.870434 0.705276
0.870434 0.706837
0.870746 0.653762
0.870746 0.689978
0.870746 0.694973
0.871058 0.700281
0.871371 0.976272
0.871683 0.963160
0.871683 0.965033
0.872307 0.658757
0.872307 0.740868
0.873556 0.736497
0.873868 0.735248
0.873868 0.962223
0.874180 0.732751
0.874180 0.733063
0.874180 0.963472
0.874805 0.965969
0.875117 0.668436
0.875117 0.965969
0.875741 0.726194
0.875741 0.726819
0.876054 0.673119
0.876366 0.721511
0.876366 0.974711
0.876990 0.719013
0.877303 0.715891
0.877303 0.961911
0.877615 0.712145
0.877615 0.713394
0.877615 0.963160
0.877927 0.709335
0.877927 0.964408
0.878239 0.689978
0.878551 0.691851
0.878551 0.695286
0.878551 0.701218
0.878551 0.964408
0.881361 0.959413
0.881361 0.972838
0.884171 0.958164
0.887605 0.960037
0.888854 0.959413
0.888854 0.969716
0.890415 0.958476
0.892601 0.967843
0.894162 0.966594
0.894786 0.955667
0.895411 0.955354
0.896972 0.950671
0.896972 0.954418
0.898220 0.953481
0.900406 0.952544
0.900406 0.963160
0.900718 0.963160
0.902279 0.950983
0.902591 0.961911
0.902904 0.961599
0.904465 0.949110
0.906026 0.959101
0.906962 0.943803
0.907899 0.943178
0.908523 0.946300
0.909148 0.945052
0.910084 0.942866
0.911333 0.939744
0.911645 0.955042
0.912270 0.939432
0.912582 0.939120
0.913519 0.953481
0.915392 0.952232
0.916641 0.935061
0.916641 0.938495
0.916953 0.934749
0.918826 0.933500
0.919138 0.936310
0.920075 0.932563
0.920075 0.935373
0.920387 0.947237
0.922260 0.930066
0.922885 0.932251
0.924446 0.943803
0.924758 0.930690
0.925070 0.930066
0.925382 0.930066
0.926007 0.929129
0.926319 0.928817
0.926943 0.928192
0.926943 0.928505
0.927256 0.927880
0.927880 0.924758
0.928505 0.924134
0.928505 0.939744
0.928817 0.923821
0.929441 0.925695
0.930690 0.924134
0.931002 0.936622
0.931939 0.922573
0.931939 0.935998
0.933500 0.920699
0.933500 0.934436
0.933812 0.920699
0.934124 0.933500
0.936622 0.916328
0.936622 0.931002
0.936934 0.916328
0.938183 0.914455
0.938495 0.911958
0.939744 0.912582
0.941305 0.925070
0.941929 0.907587
0.942242 0.909460
0.943490 0.921948
0.944115 0.906026
0.944739 0.903216
0.945052 0.904777
0.945364 0.901655
0.945364 0.904152
0.945676 0.919138
0.948486 0.898845
0.948486 0.899157
0.948798 0.896347
0.948798 0.915392
0.950047 0.894162
0.950359 0.893850
0.950983 0.894786
0.952544 0.891976
0.952544 0.892288
0.953169 0.888542
0.953481 0.887918
0.953793 0.886357
0.955667 0.882298
0.956291 0.902904
0.956603 0.902904
0.956915 0.883547
0.957228 0.879488
0.957228 0.900718
0.957540 0.878864
0.959413 0.896972
0.959725 0.877303
0.960350 0.871995
0.961286 0.893850
0.961911 0.862629
0.961911 0.863565
0.962223 0.869810
0.962535 0.865751
0.962847 0.860131
0.962847 0.890415
0.963160 0.864814
0.963472 0.866687
0.963784 0.856072
0.963784 0.862004
0.964721 0.863253
0.964721 0.885420
0.965033 0.858570
0.965033 0.862004
0.965345 0.884483
0.965657 0.861380
0.965969 0.860443
0.966906 0.881049
0.967218 0.856072
0.967218 0.880112
0.967530 0.879176
0.967843 0.849204
0.968155 0.877615
0.969091 0.844209
0.969091 0.849204
0.969404 0.847643
0.969716 0.841399
0.970028 0.839525
0.970028 0.845145
0.970340 0.843272
0.970340 0.843896
0.970340 0.871683
0.971277 0.834218
0.971589 0.841086
0.971901 0.837652
0.972214 0.834530
0.972526 0.834218
0.973150 0.829535
0.973462 0.822978
0.973775 0.821105
0.974087 0.818295
0.974087 0.830784
0.974399 0.817671
0.974399 0.830784
0.974399 0.860131
0.975336 0.817983
0.975960 0.807993
0.976272 0.807056
0.976272 0.812988
0.976272 0.813924
0.976897 0.809554
0.976897 0.810178
0.977209 0.808305
0.977521 0.799251
0.977833 0.804558
0.977833 0.847643
0.978145 0.802373
0.978770 0.789572
0.978770 0.797065
0.979082 0.787075
0.979082 0.794568
0.979082 0.842648
0.979394 0.785514
0.979707 0.707150
0.979707 0.791758
0.980019 0.792382
0.980331 0.692788
0.980331 0.699344
0.980331 0.738058
0.980331 0.791758
0.980331 0.836091
0.980643 0.783016
0.980643 0.786762
0.980955 0.686856
0.980955 0.687480
0.980955 0.730253
0.980955 0.732126
0.980955 0.772401
0.981268 0.767406
0.981268 0.777708
0.981268 0.781143
0.981580 0.740868
0.981892 0.737434
0.981892 0.752107
0.981892 0.752420
0.981892 0.753356
0.981892 0.755229
0.981892 0.757727
0.982204 0.709959
0.982204 0.718077
0.982204 0.729316
0.982204 0.746488
0.982204 0.751171
0.982204 0.770528
0.982204 0.773962
0.982204 0.774274
0.982204 0.826725
0.982516 0.707774
0.982516 0.708711
0.982516 0.732751
0.982516 0.767718
0.982829 0.716204
0.982829 0.727131
0.982829 0.756166
0.982829 0.759288
0.982829 0.761161
0.983141 0.681549
0.983141 0.682797
0.983141 0.722760
0.983141 0.724633
0.983453 0.697783
0.983453 0.754917
0.983765 0.744614
0.984077 0.692476
0.984390 0.690290
0.984702 0.688729
0.984702 0.812363
0.985014 0.672807
0.985014 0.809554
0.985951 0.668748
0.985951 0.672182
0.985951 0.689354
0.986263 0.668436
0.986263 0.671870
0.986575 0.686232
0.986575 0.800812
0.986887 0.685919
0.986887 0.686232
0.986887 0.798938
0.987200 0.671558
0.987824 0.671246
0.987824 0.687480
0.988448 0.671246
0.988761 0.785201
0.989073 0.782704
0.989385 0.678426
0.989385 0.679363
0.989697 0.684046
0.989697 0.691851
0.989697 0.721199
0.990009 0.680300
0.990009 0.775523
0.990009 0.776460
0.990322 0.685919
0.990322 0.770840
0.990946 0.758664
0.991258 0.753356
0.991258 0.755542
0.991570 0.688105
0.992195 0.680300
0.992819 0.689354
0.993131 0.678114
0.993444 0.684983
0.993444 0.685607
0.993444 0.743053
0.993444 0.743678
0.993756 0.671246
0.994068 0.671246
0.994068 0.689978
0.994068 0.695598
0.994068 0.735560
0.994068 0.739619
0.994692 0.682173
0.995941 0.680924
0.995941 0.722135
0.996878 0.679051
0.997190 0.692788
0.997815 0.679363
0.997815 0.692476
0.998127 0.674368
0.998127 0.676241
0.998439 0.686544
